Id,fixed acidity,volatile acidity,citric acid,residual sugar,chlorides,free sulfur dioxide,total sulfur dioxide,density,pH,sulphates,alcohol,quality,quality_classification
0,7.4,0.7,0.0,1.9,0.076,11.0,34.0,0.9978,3.51,0.56,9.4,5,qualidade media/baixa
1,7.8,0.88,0.0,2.6,0.098,25.0,67.0,0.9968,3.2,0.68,9.8,5,qualidade media/baixa
2,7.8,0.76,0.04,2.3,0.092,15.0,54.0,0.997,3.26,0.65,9.8,5,qualidade media/baixa
3,11.2,0.28,0.56,1.9,0.075,17.0,60.0,0.998,3.16,0.58,9.8,6,qualidade media/baixa
4,7.4,0.7,0.0,1.9,0.076,11.0,34.0,0.9978,3.51,0.56,9.4,5,qualidade media/baixa
5,7.4,0.66,0.0,1.8,0.075,13.0,40.0,0.9978,3.51,0.56,9.4,5,qualidade media/baixa
6,7.9,0.6,0.06,1.6,0.069,15.0,59.0,0.9964,3.3,0.46,9.4,5,qualidade media/baixa
7,7.3,0.65,0.0,1.2,0.065,15.0,21.0,0.9946,3.39,0.47,10.0,7,qualidade alta
8,7.8,0.58,0.02,2.0,0.073,9.0,18.0,0.9968,3.36,0.57,9.5,7,qualidade alta
10,6.7,0.58,0.08,1.8,0.0969999999999999,15.0,65.0,0.9959,3.28,0.54,9.2,5,qualidade media/baixa
12,5.6,0.615,0.0,1.6,0.089,16.0,59.0,0.9943,3.58,0.52,9.9,5,qualidade media/baixa
13,7.8,0.61,0.29,1.6,0.114,9.0,29.0,0.9974,3.26,1.56,9.1,5,qualidade media/baixa
16,8.5,0.28,0.56,1.8,0.092,35.0,103.0,0.9969,3.3,0.75,10.5,7,qualidade alta
19,7.9,0.32,0.51,1.8,0.341,17.0,56.0,0.9969,3.04,1.08,9.2,6,qualidade media/baixa
21,7.6,0.39,0.31,2.3,0.0819999999999999,23.0,71.0,0.9982,3.52,0.65,9.7,5,qualidade media/baixa
22,7.9,0.43,0.21,1.6,0.106,10.0,37.0,0.9966,3.17,0.91,9.5,5,qualidade media/baixa
23,8.5,0.49,0.11,2.3,0.084,9.0,67.0,0.9968,3.17,0.53,9.4,5,qualidade media/baixa
24,6.9,0.4,0.14,2.4,0.085,21.0,40.0,0.9968,3.43,0.63,9.7,6,qualidade media/baixa
25,6.3,0.39,0.16,1.4,0.08,11.0,23.0,0.9955,3.34,0.56,9.3,5,qualidade media/baixa
26,7.6,0.41,0.24,1.8,0.08,4.0,11.0,0.9962,3.28,0.59,9.5,5,qualidade media/baixa
28,7.1,0.71,0.0,1.9,0.08,14.0,35.0,0.9972,3.47,0.55,9.4,5,qualidade media/baixa
29,7.8,0.645,0.0,2.0,0.0819999999999999,8.0,16.0,0.9964,3.38,0.59,9.8,6,qualidade media/baixa
30,6.7,0.675,0.07,2.4,0.089,17.0,82.0,0.9958,3.35,0.54,10.1,5,qualidade media/baixa
32,8.3,0.655,0.12,2.3,0.083,15.0,113.0,0.9966,3.17,0.66,9.8,5,qualidade media/baixa
34,5.2,0.32,0.25,1.8,0.103,13.0,50.0,0.9957,3.38,0.55,9.2,5,qualidade media/baixa
35,7.8,0.645,0.0,5.5,0.086,5.0,18.0,0.9986,3.4,0.55,9.6,6,qualidade media/baixa
36,7.8,0.6,0.14,2.4,0.086,3.0,15.0,0.9975,3.42,0.6,10.8,6,qualidade media/baixa
37,8.1,0.38,0.28,2.1,0.066,13.0,30.0,0.9968,3.23,0.73,9.7,7,qualidade alta
40,7.3,0.45,0.36,5.9,0.074,12.0,87.0,0.9978,3.33,0.83,10.5,5,qualidade media/baixa
41,8.8,0.61,0.3,2.8,0.088,17.0,46.0,0.9976,3.26,0.51,9.3,4,qualidade media/baixa
42,7.5,0.49,0.2,2.6,0.332,8.0,14.0,0.9968,3.21,0.9,10.5,6,qualidade media/baixa
43,8.1,0.66,0.22,2.2,0.069,9.0,23.0,0.9968,3.3,1.2,10.3,5,qualidade media/baixa
45,4.6,0.52,0.15,2.1,0.054,8.0,65.0,0.9934,3.9,0.56,13.1,4,qualidade media/baixa
46,7.7,0.935,0.43,2.2,0.114,22.0,114.0,0.997,3.25,0.73,9.2,5,qualidade media/baixa
50,8.8,0.66,0.26,1.7,0.074,4.0,23.0,0.9971,3.15,0.74,9.2,5,qualidade media/baixa
51,6.6,0.52,0.04,2.2,0.069,8.0,15.0,0.9956,3.4,0.63,9.4,6,qualidade media/baixa
52,6.6,0.5,0.04,2.1,0.068,6.0,14.0,0.9955,3.39,0.64,9.4,6,qualidade media/baixa
53,8.6,0.38,0.36,3.0,0.081,30.0,119.0,0.997,3.2,0.56,9.4,5,qualidade media/baixa
54,7.6,0.51,0.15,2.8,0.11,33.0,73.0,0.9955,3.17,0.63,10.2,6,qualidade media/baixa
56,10.2,0.42,0.57,3.4,0.07,4.0,10.0,0.9971,3.04,0.63,9.6,5,qualidade media/baixa
58,7.8,0.59,0.18,2.3,0.076,17.0,54.0,0.9975,3.43,0.59,10.0,5,qualidade media/baixa
59,7.3,0.39,0.31,2.4,0.074,9.0,46.0,0.9962,3.41,0.54,9.4,6,qualidade media/baixa
60,8.8,0.4,0.4,2.2,0.079,19.0,52.0,0.998,3.44,0.64,9.2,5,qualidade media/baixa
61,7.7,0.69,0.49,1.8,0.115,20.0,112.0,0.9968,3.21,0.71,9.3,5,qualidade media/baixa
63,7.0,0.735,0.05,2.0,0.081,13.0,54.0,0.9966,3.39,0.57,9.8,5,qualidade media/baixa
64,7.2,0.725,0.05,4.65,0.086,4.0,11.0,0.9962,3.41,0.39,10.9,5,qualidade media/baixa
65,7.2,0.725,0.05,4.65,0.086,4.0,11.0,0.9962,3.41,0.39,10.9,5,qualidade media/baixa
67,6.6,0.705,0.07,1.6,0.076,6.0,15.0,0.9962,3.44,0.58,10.7,5,qualidade media/baixa
69,8.0,0.705,0.05,1.9,0.074,8.0,19.0,0.9962,3.34,0.95,10.5,6,qualidade media/baixa
72,7.7,0.69,0.22,1.9,0.084,18.0,94.0,0.9961,3.31,0.48,9.5,5,qualidade media/baixa
73,8.3,0.675,0.26,2.1,0.084,11.0,43.0,0.9976,3.31,0.53,9.2,4,qualidade media/baixa
76,8.8,0.41,0.64,2.2,0.093,9.0,42.0,0.9986,3.54,0.66,10.5,5,qualidade media/baixa
77,6.8,0.785,0.0,2.4,0.104,14.0,30.0,0.9966,3.52,0.55,10.7,6,qualidade media/baixa
78,6.7,0.75,0.12,2.0,0.086,12.0,80.0,0.9958,3.38,0.52,10.1,5,qualidade media/baixa
79,8.3,0.625,0.2,1.5,0.08,27.0,119.0,0.9972,3.16,1.12,9.1,4,qualidade media/baixa
80,6.2,0.45,0.2,1.6,0.069,3.0,15.0,0.9958,3.41,0.56,9.2,5,qualidade media/baixa
82,7.4,0.5,0.47,2.0,0.086,21.0,73.0,0.997,3.36,0.57,9.1,5,qualidade media/baixa
84,6.3,0.3,0.48,1.8,0.069,18.0,61.0,0.9959,3.44,0.78,10.3,6,qualidade media/baixa
85,6.9,0.55,0.15,2.2,0.076,19.0,40.0,0.9961,3.41,0.59,10.1,5,qualidade media/baixa
86,8.6,0.49,0.28,1.9,0.11,20.0,136.0,0.9972,2.93,1.95,9.9,6,qualidade media/baixa
87,7.7,0.49,0.26,1.9,0.062,9.0,31.0,0.9966,3.39,0.64,9.6,5,qualidade media/baixa
88,9.3,0.39,0.44,2.1,0.107,34.0,125.0,0.9978,3.14,1.22,9.5,5,qualidade media/baixa
89,7.0,0.62,0.08,1.8,0.076,8.0,24.0,0.9978,3.48,0.53,9.0,5,qualidade media/baixa
90,7.9,0.52,0.26,1.9,0.079,42.0,140.0,0.9964,3.23,0.54,9.5,5,qualidade media/baixa
91,8.6,0.49,0.28,1.9,0.11,20.0,136.0,0.9972,2.93,1.95,9.9,6,qualidade media/baixa
93,7.7,0.49,0.26,1.9,0.062,9.0,31.0,0.9966,3.39,0.64,9.6,5,qualidade media/baixa
94,5.0,1.02,0.04,1.4,0.045,41.0,85.0,0.9938,3.75,0.48,10.5,4,qualidade media/baixa
96,6.8,0.775,0.0,3.0,0.102,8.0,23.0,0.9965,3.45,0.56,10.7,5,qualidade media/baixa
98,7.6,0.9,0.06,2.5,0.079,5.0,10.0,0.9967,3.39,0.56,9.8,5,qualidade media/baixa
99,8.1,0.545,0.18,1.9,0.08,13.0,35.0,0.9972,3.3,0.59,9.0,6,qualidade media/baixa
100,8.3,0.61,0.3,2.1,0.084,11.0,50.0,0.9972,3.4,0.61,10.2,6,qualidade media/baixa
102,8.1,0.545,0.18,1.9,0.08,13.0,35.0,0.9972,3.3,0.59,9.0,6,qualidade media/baixa
103,8.1,0.575,0.22,2.1,0.077,12.0,65.0,0.9967,3.29,0.51,9.2,5,qualidade media/baixa
104,7.2,0.49,0.24,2.2,0.07,5.0,36.0,0.996,3.33,0.48,9.4,5,qualidade media/baixa
105,8.1,0.575,0.22,2.1,0.077,12.0,65.0,0.9967,3.29,0.51,9.2,5,qualidade media/baixa
106,7.8,0.41,0.68,1.7,0.467,18.0,69.0,0.9973,3.08,1.31,9.3,5,qualidade media/baixa
107,6.2,0.63,0.31,1.7,0.088,15.0,64.0,0.9969,3.46,0.79,9.3,5,qualidade media/baixa
110,7.8,0.56,0.19,1.8,0.104,12.0,47.0,0.9964,3.19,0.93,9.5,5,qualidade media/baixa
111,8.4,0.62,0.09,2.2,0.084,11.0,108.0,0.9964,3.15,0.66,9.8,5,qualidade media/baixa
113,10.1,0.31,0.44,2.3,0.08,22.0,46.0,0.9988,3.32,0.67,9.7,6,qualidade media/baixa
114,7.8,0.56,0.19,1.8,0.104,12.0,47.0,0.9964,3.19,0.93,9.5,5,qualidade media/baixa
115,9.4,0.4,0.31,2.2,0.09,13.0,62.0,0.9966,3.07,0.63,10.5,6,qualidade media/baixa
116,8.3,0.54,0.28,1.9,0.077,11.0,40.0,0.9978,3.39,0.61,10.0,6,qualidade media/baixa
120,7.3,1.07,0.09,1.7,0.178,10.0,89.0,0.9962,3.3,0.57,9.0,5,qualidade media/baixa
121,8.8,0.55,0.04,2.2,0.119,14.0,56.0,0.9962,3.21,0.6,10.9,6,qualidade media/baixa
122,7.3,0.695,0.0,2.5,0.075,3.0,13.0,0.998,3.49,0.52,9.2,5,qualidade media/baixa
124,7.8,0.5,0.17,1.6,0.0819999999999999,21.0,102.0,0.996,3.39,0.48,9.5,5,qualidade media/baixa
126,8.2,1.33,0.0,1.7,0.081,3.0,12.0,0.9964,3.53,0.49,10.9,5,qualidade media/baixa
127,8.1,1.33,0.0,1.8,0.0819999999999999,3.0,12.0,0.9964,3.54,0.48,10.9,5,qualidade media/baixa
128,8.0,0.59,0.16,1.8,0.065,3.0,16.0,0.9962,3.42,0.92,10.5,7,qualidade alta
130,8.0,0.745,0.56,2.0,0.118,30.0,134.0,0.9968,3.24,0.66,9.4,5,qualidade media/baixa
131,5.6,0.5,0.09,2.3,0.049,17.0,99.0,0.9937,3.63,0.63,13.0,5,qualidade media/baixa
134,7.9,1.04,0.05,2.2,0.084,13.0,29.0,0.9959,3.22,0.55,9.9,6,qualidade media/baixa
135,8.4,0.745,0.11,1.9,0.09,16.0,63.0,0.9965,3.19,0.82,9.6,5,qualidade media/baixa
137,7.2,0.415,0.36,2.0,0.081,13.0,45.0,0.9972,3.48,0.64,9.2,5,qualidade media/baixa
140,8.4,0.745,0.11,1.9,0.09,16.0,63.0,0.9965,3.19,0.82,9.6,5,qualidade media/baixa
142,5.2,0.34,0.0,1.8,0.05,27.0,63.0,0.9916,3.68,0.79,14.0,6,qualidade media/baixa
143,6.3,0.39,0.08,1.7,0.066,3.0,20.0,0.9954,3.34,0.58,9.4,5,qualidade media/baixa
144,5.2,0.34,0.0,1.8,0.05,27.0,63.0,0.9916,3.68,0.79,14.0,6,qualidade media/baixa
145,8.1,0.67,0.55,1.8,0.1169999999999999,32.0,141.0,0.9968,3.17,0.62,9.4,5,qualidade media/baixa
146,5.8,0.68,0.02,1.8,0.087,21.0,94.0,0.9944,3.54,0.52,10.0,5,qualidade media/baixa
148,6.9,0.49,0.1,2.3,0.074,12.0,30.0,0.9959,3.42,0.58,10.2,6,qualidade media/baixa
150,7.3,0.33,0.47,2.1,0.077,5.0,11.0,0.9958,3.33,0.53,10.3,6,qualidade media/baixa
151,9.2,0.52,1.0,3.4,0.61,32.0,69.0,0.9996,2.74,2.0,9.4,4,qualidade media/baixa
152,7.5,0.6,0.03,1.8,0.095,25.0,99.0,0.995,3.35,0.54,10.1,5,qualidade media/baixa
153,7.5,0.6,0.03,1.8,0.095,25.0,99.0,0.995,3.35,0.54,10.1,5,qualidade media/baixa
155,7.1,0.43,0.42,5.5,0.071,28.0,128.0,0.9973,3.42,0.71,10.5,5,qualidade media/baixa
156,7.1,0.43,0.42,5.5,0.07,29.0,129.0,0.9973,3.42,0.72,10.5,5,qualidade media/baixa
157,7.1,0.43,0.42,5.5,0.071,28.0,128.0,0.9973,3.42,0.71,10.5,5,qualidade media/baixa
158,7.1,0.68,0.0,2.2,0.073,12.0,22.0,0.9969,3.48,0.5,9.3,5,qualidade media/baixa
159,6.8,0.6,0.18,1.9,0.079,18.0,86.0,0.9968,3.59,0.57,9.3,6,qualidade media/baixa
160,7.6,0.95,0.03,2.0,0.09,7.0,20.0,0.9959,3.2,0.56,9.6,5,qualidade media/baixa
161,7.6,0.68,0.02,1.3,0.072,9.0,20.0,0.9965,3.17,1.08,9.2,4,qualidade media/baixa
162,7.8,0.53,0.04,1.7,0.076,17.0,31.0,0.9964,3.33,0.56,10.0,6,qualidade media/baixa
163,7.4,0.6,0.26,7.3,0.07,36.0,121.0,0.9982,3.37,0.49,9.4,5,qualidade media/baixa
164,7.3,0.59,0.26,7.2,0.07,35.0,121.0,0.9981,3.37,0.49,9.4,5,qualidade media/baixa
165,7.8,0.63,0.48,1.7,0.1,14.0,96.0,0.9961,3.19,0.62,9.5,5,qualidade media/baixa
166,6.8,0.64,0.1,2.1,0.085,18.0,101.0,0.9956,3.34,0.52,10.2,5,qualidade media/baixa
167,7.3,0.55,0.03,1.6,0.072,17.0,42.0,0.9956,3.37,0.48,9.0,4,qualidade media/baixa
168,6.8,0.63,0.07,2.1,0.089,11.0,44.0,0.9953,3.47,0.55,10.4,6,qualidade media/baixa
170,7.9,0.885,0.03,1.8,0.0579999999999999,4.0,8.0,0.9972,3.36,0.33,9.1,4,qualidade media/baixa
172,8.0,0.42,0.17,2.0,0.073,6.0,18.0,0.9972,3.29,0.61,9.2,6,qualidade media/baixa
173,7.4,0.62,0.05,1.9,0.068,24.0,42.0,0.9961,3.42,0.57,11.5,6,qualidade media/baixa
175,6.9,0.5,0.04,1.5,0.085,19.0,49.0,0.9958,3.35,0.78,9.5,5,qualidade media/baixa
176,7.3,0.38,0.21,2.0,0.08,7.0,35.0,0.9961,3.33,0.47,9.5,5,qualidade media/baixa
177,7.5,0.52,0.42,2.3,0.087,8.0,38.0,0.9972,3.58,0.61,10.5,6,qualidade media/baixa
178,7.0,0.805,0.0,2.5,0.068,7.0,20.0,0.9969,3.48,0.56,9.6,5,qualidade media/baixa
179,8.8,0.61,0.14,2.4,0.067,10.0,42.0,0.9969,3.19,0.59,9.5,5,qualidade media/baixa
180,8.8,0.61,0.14,2.4,0.067,10.0,42.0,0.9969,3.19,0.59,9.5,5,qualidade media/baixa
181,8.9,0.61,0.49,2.0,0.27,23.0,110.0,0.9972,3.12,1.02,9.3,5,qualidade media/baixa
182,7.2,0.73,0.02,2.5,0.076,16.0,42.0,0.9972,3.44,0.52,9.3,5,qualidade media/baixa
183,6.8,0.61,0.2,1.8,0.077,11.0,65.0,0.9971,3.54,0.58,9.3,5,qualidade media/baixa
184,6.7,0.62,0.21,1.9,0.079,8.0,62.0,0.997,3.52,0.58,9.3,6,qualidade media/baixa
185,8.9,0.31,0.57,2.0,0.111,26.0,85.0,0.9971,3.26,0.53,9.7,5,qualidade media/baixa
186,7.4,0.39,0.48,2.0,0.0819999999999999,14.0,67.0,0.9972,3.34,0.55,9.2,5,qualidade media/baixa
188,7.9,0.5,0.33,2.0,0.084,15.0,143.0,0.9968,3.2,0.55,9.5,5,qualidade media/baixa
190,8.2,0.5,0.35,2.9,0.077,21.0,127.0,0.9976,3.23,0.62,9.4,5,qualidade media/baixa
191,6.4,0.37,0.25,1.9,0.074,21.0,49.0,0.9974,3.57,0.62,9.8,6,qualidade media/baixa
193,7.6,0.55,0.21,2.2,0.071,7.0,28.0,0.9964,3.28,0.55,9.7,5,qualidade media/baixa
194,7.6,0.55,0.21,2.2,0.071,7.0,28.0,0.9964,3.28,0.55,9.7,5,qualidade media/baixa
196,7.3,0.58,0.3,2.4,0.074,15.0,55.0,0.9968,3.46,0.59,10.2,5,qualidade media/baixa
197,11.5,0.3,0.6,2.0,0.067,12.0,27.0,0.9981,3.11,0.97,10.1,6,qualidade media/baixa
199,6.9,1.09,0.06,2.1,0.061,12.0,31.0,0.9948,3.51,0.43,11.4,4,qualidade media/baixa
200,9.6,0.32,0.47,1.4,0.0559999999999999,9.0,24.0,0.99695,3.22,0.82,10.3,7,qualidade alta
204,7.0,0.43,0.36,1.6,0.089,14.0,37.0,0.99615,3.34,0.56,9.2,6,qualidade media/baixa
205,12.8,0.3,0.74,2.6,0.095,9.0,28.0,0.9994,3.2,0.77,10.8,7,qualidade alta
206,12.8,0.3,0.74,2.6,0.095,9.0,28.0,0.9994,3.2,0.77,10.8,7,qualidade alta
208,7.8,0.44,0.28,2.7,0.1,18.0,95.0,0.9966,3.22,0.67,9.4,5,qualidade media/baixa
210,9.7,0.53,0.6,2.0,0.039,5.0,19.0,0.99585,3.3,0.86,12.4,6,qualidade media/baixa
211,8.0,0.725,0.24,2.8,0.083,10.0,62.0,0.99685,3.35,0.56,10.0,6,qualidade media/baixa
213,8.2,0.57,0.26,2.2,0.06,28.0,65.0,0.9959,3.3,0.43,10.1,5,qualidade media/baixa
214,7.8,0.735,0.08,2.4,0.092,10.0,41.0,0.9974,3.24,0.71,9.8,6,qualidade media/baixa
215,7.0,0.49,0.49,5.6,0.06,26.0,121.0,0.9974,3.34,0.76,10.5,5,qualidade media/baixa
216,8.7,0.625,0.16,2.0,0.1009999999999999,13.0,49.0,0.9962,3.14,0.57,11.0,5,qualidade media/baixa
217,8.1,0.725,0.22,2.2,0.072,11.0,41.0,0.9967,3.36,0.55,9.1,5,qualidade media/baixa
218,7.5,0.49,0.19,1.9,0.076,10.0,44.0,0.9957,3.39,0.54,9.7,5,qualidade media/baixa
220,7.8,0.34,0.37,2.0,0.0819999999999999,24.0,58.0,0.9964,3.34,0.59,9.4,6,qualidade media/baixa
221,7.4,0.53,0.26,2.0,0.1009999999999999,16.0,72.0,0.9957,3.15,0.57,9.4,5,qualidade media/baixa
222,6.8,0.61,0.04,1.5,0.057,5.0,10.0,0.99525,3.42,0.6,9.5,5,qualidade media/baixa
223,8.6,0.645,0.25,2.0,0.083,8.0,28.0,0.99815,3.28,0.6,10.0,6,qualidade media/baixa
225,7.7,0.43,0.25,2.6,0.073,29.0,63.0,0.99615,3.37,0.58,10.5,6,qualidade media/baixa
226,8.9,0.59,0.5,2.0,0.337,27.0,81.0,0.9964,3.04,1.61,9.5,6,qualidade media/baixa
230,5.2,0.48,0.04,1.6,0.054,19.0,106.0,0.9927,3.54,0.62,12.2,7,qualidade alta
231,8.0,0.38,0.06,1.8,0.078,12.0,49.0,0.99625,3.37,0.52,9.9,6,qualidade media/baixa
232,8.5,0.37,0.2,2.8,0.09,18.0,58.0,0.998,3.34,0.7,9.6,6,qualidade media/baixa
234,8.2,1.0,0.09,2.3,0.065,7.0,37.0,0.99685,3.32,0.55,9.0,6,qualidade media/baixa
235,7.2,0.63,0.0,1.9,0.0969999999999999,14.0,38.0,0.99675,3.37,0.58,9.0,6,qualidade media/baixa
240,8.9,0.635,0.37,1.7,0.263,5.0,62.0,0.9971,3.0,1.09,9.3,5,qualidade media/baixa
241,12.0,0.38,0.56,2.1,0.093,6.0,24.0,0.99925,3.14,0.71,10.9,6,qualidade media/baixa
242,7.7,0.58,0.1,1.8,0.102,28.0,109.0,0.99565,3.08,0.49,9.8,6,qualidade media/baixa
243,15.0,0.21,0.44,2.2,0.075,10.0,24.0,1.00005,3.07,0.84,9.2,7,qualidade alta
244,15.0,0.21,0.44,2.2,0.075,10.0,24.0,1.00005,3.07,0.84,9.2,7,qualidade alta
245,7.3,0.66,0.0,2.0,0.084,6.0,23.0,0.9983,3.61,0.96,9.9,6,qualidade media/baixa
246,7.1,0.68,0.07,1.9,0.075,16.0,51.0,0.99685,3.38,0.52,9.5,5,qualidade media/baixa
249,7.3,0.66,0.0,2.0,0.084,6.0,23.0,0.9983,3.61,0.96,9.9,6,qualidade media/baixa
250,10.8,0.32,0.44,1.6,0.063,16.0,37.0,0.9985,3.22,0.78,10.0,6,qualidade media/baixa
251,7.1,0.6,0.0,1.8,0.074,16.0,34.0,0.9972,3.47,0.7,9.9,6,qualidade media/baixa
252,11.1,0.35,0.48,3.1,0.09,5.0,21.0,0.9986,3.17,0.53,10.5,5,qualidade media/baixa
253,7.7,0.775,0.42,1.9,0.092,8.0,86.0,0.9959,3.23,0.59,9.5,5,qualidade media/baixa
255,8.0,0.57,0.23,3.2,0.073,17.0,119.0,0.99675,3.26,0.57,9.3,5,qualidade media/baixa
256,9.4,0.34,0.37,2.2,0.075,5.0,13.0,0.998,3.22,0.62,9.2,5,qualidade media/baixa
257,6.6,0.695,0.0,2.1,0.075,12.0,56.0,0.9968,3.49,0.67,9.2,5,qualidade media/baixa
258,7.7,0.41,0.76,1.8,0.611,8.0,45.0,0.9968,3.06,1.26,9.4,5,qualidade media/baixa
259,10.0,0.31,0.47,2.6,0.085,14.0,33.0,0.99965,3.36,0.8,10.5,7,qualidade alta
260,7.9,0.33,0.23,1.7,0.077,18.0,45.0,0.99625,3.29,0.65,9.3,5,qualidade media/baixa
261,7.0,0.975,0.04,2.0,0.087,12.0,67.0,0.99565,3.35,0.6,9.4,4,qualidade media/baixa
262,8.0,0.52,0.03,1.7,0.07,10.0,35.0,0.99575,3.34,0.57,10.0,5,qualidade media/baixa
263,7.9,0.37,0.23,1.8,0.077,23.0,49.0,0.9963,3.28,0.67,9.3,5,qualidade media/baixa
264,12.5,0.56,0.49,2.4,0.064,5.0,27.0,0.9999,3.08,0.87,10.9,5,qualidade media/baixa
266,8.1,0.87,0.0,3.3,0.096,26.0,61.0,1.00025,3.6,0.72,9.8,4,qualidade media/baixa
267,7.9,0.35,0.46,3.6,0.078,15.0,37.0,0.9973,3.35,0.86,12.8,8,qualidade alta
268,6.9,0.54,0.04,3.0,0.077,7.0,27.0,0.9987,3.69,0.91,9.4,6,qualidade media/baixa
269,11.5,0.18,0.51,4.0,0.104,4.0,23.0,0.9996,3.28,0.97,10.1,6,qualidade media/baixa
270,7.9,0.545,0.06,4.0,0.087,27.0,61.0,0.9965,3.36,0.67,10.7,6,qualidade media/baixa
275,7.9,0.545,0.06,4.0,0.087,27.0,61.0,0.9965,3.36,0.67,10.7,6,qualidade media/baixa
276,6.9,0.54,0.04,3.0,0.077,7.0,27.0,0.9987,3.69,0.91,9.4,6,qualidade media/baixa
277,11.5,0.18,0.51,4.0,0.104,4.0,23.0,0.9996,3.28,0.97,10.1,6,qualidade media/baixa
278,10.3,0.32,0.45,6.4,0.073,5.0,13.0,0.9976,3.23,0.82,12.6,8,qualidade alta
279,8.9,0.4,0.32,5.6,0.087,10.0,47.0,0.9991,3.38,0.77,10.5,7,qualidade alta
280,11.4,0.26,0.44,3.6,0.071,6.0,19.0,0.9986,3.12,0.82,9.3,6,qualidade media/baixa
281,7.7,0.27,0.68,3.5,0.358,5.0,10.0,0.9972,3.25,1.08,9.9,7,qualidade alta
283,8.9,0.4,0.32,5.6,0.087,10.0,47.0,0.9991,3.38,0.77,10.5,7,qualidade alta
284,9.9,0.59,0.07,3.4,0.102,32.0,71.0,1.00015,3.31,0.71,9.8,5,qualidade media/baixa
285,9.9,0.59,0.07,3.4,0.102,32.0,71.0,1.00015,3.31,0.71,9.8,5,qualidade media/baixa
286,12.0,0.45,0.55,2.0,0.073,25.0,49.0,0.9997,3.1,0.76,10.3,6,qualidade media/baixa
287,7.5,0.4,0.12,3.0,0.092,29.0,53.0,0.9967,3.37,0.7,10.3,6,qualidade media/baixa
288,8.7,0.52,0.09,2.5,0.091,20.0,49.0,0.9976,3.34,0.86,10.6,7,qualidade alta
289,11.6,0.42,0.53,3.3,0.105,33.0,98.0,1.001,3.2,0.95,9.2,5,qualidade media/baixa
290,8.7,0.52,0.09,2.5,0.091,20.0,49.0,0.9976,3.34,0.86,10.6,7,qualidade alta
292,10.4,0.55,0.23,2.7,0.091,18.0,48.0,0.9994,3.22,0.64,10.3,6,qualidade media/baixa
293,6.9,0.36,0.25,2.4,0.098,5.0,16.0,0.9964,3.41,0.6,10.1,6,qualidade media/baixa
294,13.3,0.34,0.52,3.2,0.094,17.0,53.0,1.0014,3.05,0.81,9.5,6,qualidade media/baixa
295,10.8,0.5,0.46,2.5,0.073,5.0,27.0,1.0001,3.05,0.64,9.5,5,qualidade media/baixa
296,10.6,0.83,0.37,2.6,0.086,26.0,70.0,0.9981,3.16,0.52,9.9,5,qualidade media/baixa
297,7.1,0.63,0.06,2.0,0.083,8.0,29.0,0.99855,3.67,0.73,9.6,5,qualidade media/baixa
298,7.2,0.65,0.02,2.3,0.094,5.0,31.0,0.9993,3.67,0.8,9.7,5,qualidade media/baixa
300,7.5,0.53,0.06,2.6,0.086,20.0,44.0,0.9965,3.38,0.59,10.7,6,qualidade media/baixa
301,11.1,0.18,0.48,1.5,0.068,7.0,15.0,0.9973,3.22,0.64,10.1,6,qualidade media/baixa
302,8.3,0.705,0.12,2.6,0.092,12.0,28.0,0.9994,3.51,0.72,10.0,5,qualidade media/baixa
304,8.4,0.65,0.6,2.1,0.1119999999999999,12.0,90.0,0.9973,3.2,0.52,9.2,5,qualidade media/baixa
306,7.6,0.62,0.32,2.2,0.0819999999999999,7.0,54.0,0.9966,3.36,0.52,9.4,5,qualidade media/baixa
307,10.3,0.41,0.42,2.4,0.213,6.0,14.0,0.9994,3.19,0.62,9.5,6,qualidade media/baixa
308,10.3,0.43,0.44,2.4,0.214,5.0,12.0,0.9994,3.19,0.63,9.5,6,qualidade media/baixa
311,7.9,0.53,0.24,2.0,0.072,15.0,105.0,0.996,3.27,0.54,9.4,6,qualidade media/baixa
312,9.0,0.46,0.31,2.8,0.093,19.0,98.0,0.99815,3.32,0.63,9.5,6,qualidade media/baixa
313,8.6,0.47,0.3,3.0,0.076,30.0,135.0,0.9976,3.3,0.53,9.4,5,qualidade media/baixa
314,7.4,0.36,0.29,2.6,0.087,26.0,72.0,0.99645,3.39,0.68,11.0,5,qualidade media/baixa
318,9.8,0.66,0.39,3.2,0.083,21.0,59.0,0.9989,3.37,0.71,11.5,7,qualidade alta
319,9.6,0.77,0.12,2.9,0.0819999999999999,30.0,74.0,0.99865,3.3,0.64,10.4,6,qualidade media/baixa
321,9.3,0.61,0.26,3.4,0.09,25.0,87.0,0.99975,3.24,0.62,9.7,5,qualidade media/baixa
324,10.0,0.49,0.2,11.0,0.071,13.0,50.0,1.0015,3.16,0.69,9.2,6,qualidade media/baixa
325,10.0,0.49,0.2,11.0,0.071,13.0,50.0,1.0015,3.16,0.69,9.2,6,qualidade media/baixa
326,11.6,0.53,0.66,3.65,0.121,6.0,14.0,0.9978,3.05,0.74,11.5,7,qualidade alta
327,10.3,0.44,0.5,4.5,0.107,5.0,13.0,0.998,3.28,0.83,11.5,5,qualidade media/baixa
328,13.4,0.27,0.62,2.6,0.0819999999999999,6.0,21.0,1.0002,3.16,0.67,9.7,6,qualidade media/baixa
333,8.4,0.56,0.08,2.1,0.105,16.0,44.0,0.9958,3.13,0.52,11.0,5,qualidade media/baixa
334,7.9,0.65,0.01,2.5,0.078,17.0,38.0,0.9963,3.34,0.74,11.7,7,qualidade alta
335,11.9,0.695,0.53,3.4,0.128,7.0,21.0,0.9992,3.17,0.84,12.2,7,qualidade alta
336,8.9,0.43,0.45,1.9,0.052,6.0,16.0,0.9948,3.35,0.7,12.5,6,qualidade media/baixa
337,7.8,0.43,0.32,2.8,0.08,29.0,58.0,0.9974,3.31,0.64,10.3,5,qualidade media/baixa
339,12.5,0.28,0.54,2.3,0.0819999999999999,12.0,29.0,0.9997,3.11,1.36,9.8,7,qualidade alta
342,10.9,0.39,0.47,1.8,0.118,6.0,14.0,0.9982,3.3,0.75,9.8,6,qualidade media/baixa
343,10.9,0.39,0.47,1.8,0.118,6.0,14.0,0.9982,3.3,0.75,9.8,6,qualidade media/baixa
344,11.9,0.57,0.5,2.6,0.0819999999999999,6.0,32.0,1.0006,3.12,0.78,10.7,6,qualidade media/baixa
347,13.8,0.49,0.67,3.0,0.093,6.0,15.0,0.9986,3.02,0.93,12.0,6,qualidade media/baixa
348,9.6,0.56,0.31,2.8,0.089,15.0,46.0,0.9979,3.11,0.92,10.0,6,qualidade media/baixa
351,9.1,0.795,0.0,2.6,0.096,11.0,26.0,0.9994,3.35,0.83,9.4,6,qualidade media/baixa
352,7.7,0.665,0.0,2.4,0.09,8.0,19.0,0.9974,3.27,0.73,9.3,5,qualidade media/baixa
353,13.5,0.53,0.79,4.8,0.12,23.0,77.0,1.0018,3.18,0.77,13.0,5,qualidade media/baixa
354,6.1,0.21,0.4,1.4,0.066,40.5,165.0,0.9912,3.25,0.59,11.9,6,qualidade media/baixa
355,6.7,0.75,0.01,2.4,0.078,17.0,32.0,0.9955,3.55,0.61,12.8,6,qualidade media/baixa
356,11.5,0.41,0.52,3.0,0.08,29.0,55.0,1.0001,3.26,0.88,11.0,5,qualidade media/baixa
357,10.5,0.42,0.66,2.95,0.1159999999999999,12.0,29.0,0.997,3.24,0.75,11.7,7,qualidade alta
358,11.9,0.43,0.66,3.1,0.109,10.0,23.0,1.0,3.15,0.85,10.4,7,qualidade alta
359,12.6,0.38,0.66,2.6,0.088,10.0,41.0,1.001,3.17,0.68,9.8,6,qualidade media/baixa
360,8.2,0.7,0.23,2.0,0.099,14.0,81.0,0.9973,3.19,0.7,9.4,5,qualidade media/baixa
361,8.6,0.45,0.31,2.6,0.086,21.0,50.0,0.9982,3.37,0.91,9.9,6,qualidade media/baixa
362,11.9,0.58,0.66,2.5,0.072,6.0,37.0,0.9992,3.05,0.56,10.0,5,qualidade media/baixa
363,12.5,0.46,0.63,2.0,0.071,6.0,15.0,0.9988,2.99,0.87,10.2,5,qualidade media/baixa
364,12.8,0.615,0.66,5.8,0.083,7.0,42.0,1.0022,3.07,0.73,10.0,7,qualidade alta
366,12.8,0.615,0.66,5.8,0.083,7.0,42.0,1.0022,3.07,0.73,10.0,7,qualidade alta
367,10.4,0.575,0.61,2.6,0.076,11.0,24.0,1.0,3.16,0.69,9.0,5,qualidade media/baixa
369,9.4,0.27,0.53,2.4,0.074,6.0,18.0,0.9962,3.2,1.13,12.0,7,qualidade alta
371,7.9,0.24,0.4,1.6,0.0559999999999999,11.0,25.0,0.9967,3.32,0.87,8.7,6,qualidade media/baixa
372,9.1,0.28,0.48,1.8,0.067,26.0,46.0,0.9967,3.32,1.04,10.6,6,qualidade media/baixa
376,11.5,0.45,0.5,3.0,0.078,19.0,47.0,1.0003,3.26,1.11,11.0,6,qualidade media/baixa
377,9.4,0.27,0.53,2.4,0.074,6.0,18.0,0.9962,3.2,1.13,12.0,7,qualidade alta
378,11.4,0.625,0.66,6.2,0.088,6.0,24.0,0.9988,3.11,0.99,13.3,6,qualidade media/baixa
380,8.3,0.26,0.42,2.0,0.08,11.0,27.0,0.9974,3.21,0.8,9.4,6,qualidade media/baixa
384,7.7,0.51,0.28,2.1,0.087,23.0,54.0,0.998,3.42,0.74,9.2,5,qualidade media/baixa
388,7.8,0.46,0.26,1.9,0.088,23.0,53.0,0.9981,3.43,0.74,9.2,6,qualidade media/baixa
390,5.6,0.85,0.05,1.4,0.045,12.0,88.0,0.9924,3.56,0.82,12.9,8,qualidade alta
391,13.7,0.415,0.68,2.9,0.085,17.0,43.0,1.0014,3.06,0.8,10.0,6,qualidade media/baixa
392,9.5,0.37,0.52,2.0,0.0819999999999999,6.0,26.0,0.998,3.18,0.51,9.5,5,qualidade media/baixa
395,12.0,0.37,0.76,4.2,0.066,7.0,38.0,1.0004,3.22,0.6,13.0,7,qualidade alta
396,6.6,0.735,0.02,7.9,0.122,68.0,124.0,0.9994,3.47,0.53,9.9,5,qualidade media/baixa
397,11.5,0.59,0.59,2.6,0.087,13.0,49.0,0.9988,3.18,0.65,11.0,6,qualidade media/baixa
399,8.7,0.765,0.22,2.3,0.064,9.0,42.0,0.9963,3.1,0.55,9.4,5,qualidade media/baixa
400,6.6,0.735,0.02,7.9,0.122,68.0,124.0,0.9994,3.47,0.53,9.9,5,qualidade media/baixa
402,12.2,0.48,0.54,2.6,0.085,19.0,64.0,1.0,3.1,0.61,10.5,6,qualidade media/baixa
403,11.4,0.6,0.49,2.7,0.085,10.0,41.0,0.9994,3.15,0.63,10.5,6,qualidade media/baixa
404,7.7,0.69,0.05,2.7,0.075,15.0,27.0,0.9974,3.26,0.61,9.1,5,qualidade media/baixa
406,9.8,0.44,0.47,2.5,0.063,9.0,28.0,0.9981,3.24,0.65,10.8,6,qualidade media/baixa
407,12.0,0.39,0.66,3.0,0.093,12.0,30.0,0.9996,3.18,0.63,10.8,7,qualidade alta
409,12.5,0.46,0.49,4.5,0.07,26.0,49.0,0.9981,3.05,0.57,9.6,4,qualidade media/baixa
410,9.0,0.43,0.34,2.5,0.08,26.0,86.0,0.9987,3.38,0.62,9.5,6,qualidade media/baixa
412,7.1,0.735,0.16,1.9,0.1,15.0,77.0,0.9966,3.27,0.64,9.3,5,qualidade media/baixa
413,9.9,0.4,0.53,6.7,0.0969999999999999,6.0,19.0,0.9986,3.27,0.82,11.7,7,qualidade alta
414,8.8,0.52,0.34,2.7,0.087,24.0,122.0,0.9982,3.26,0.61,9.5,5,qualidade media/baixa
415,8.6,0.725,0.24,6.6,0.1169999999999999,31.0,134.0,1.0014,3.32,1.07,9.3,5,qualidade media/baixa
416,10.6,0.48,0.64,2.2,0.111,6.0,20.0,0.997,3.26,0.66,11.7,6,qualidade media/baixa
417,7.0,0.58,0.12,1.9,0.091,34.0,124.0,0.9956,3.44,0.48,10.5,5,qualidade media/baixa
418,11.9,0.38,0.51,2.0,0.121,7.0,20.0,0.9996,3.24,0.76,10.4,6,qualidade media/baixa
419,6.8,0.77,0.0,1.8,0.066,34.0,52.0,0.9976,3.62,0.68,9.9,5,qualidade media/baixa
421,6.6,0.84,0.03,2.3,0.059,32.0,48.0,0.9952,3.52,0.56,12.3,7,qualidade alta
422,7.7,0.96,0.2,2.0,0.047,15.0,60.0,0.9955,3.36,0.44,10.9,5,qualidade media/baixa
423,10.5,0.24,0.47,2.1,0.066,6.0,24.0,0.9978,3.15,0.9,11.0,7,qualidade alta
425,6.6,0.84,0.03,2.3,0.059,32.0,48.0,0.9952,3.52,0.56,12.3,7,qualidade alta
426,6.4,0.67,0.08,2.1,0.045,19.0,48.0,0.9949,3.49,0.49,11.4,6,qualidade media/baixa
427,9.5,0.78,0.22,1.9,0.077,6.0,32.0,0.9988,3.26,0.56,10.6,6,qualidade media/baixa
428,9.1,0.52,0.33,1.3,0.07,9.0,30.0,0.9978,3.24,0.6,9.3,5,qualidade media/baixa
429,12.8,0.84,0.63,2.4,0.088,13.0,35.0,0.9997,3.1,0.6,10.4,6,qualidade media/baixa
430,10.5,0.24,0.47,2.1,0.066,6.0,24.0,0.9978,3.15,0.9,11.0,7,qualidade alta
431,7.8,0.55,0.35,2.2,0.074,21.0,66.0,0.9974,3.25,0.56,9.2,5,qualidade media/baixa
433,12.3,0.39,0.63,2.3,0.091,6.0,18.0,1.0004,3.16,0.49,9.5,5,qualidade media/baixa
434,10.4,0.41,0.55,3.2,0.076,22.0,54.0,0.9996,3.15,0.89,9.9,6,qualidade media/baixa
435,12.3,0.39,0.63,2.3,0.091,6.0,18.0,1.0004,3.16,0.49,9.5,5,qualidade media/baixa
436,8.0,0.67,0.3,2.0,0.06,38.0,62.0,0.9958,3.26,0.56,10.2,6,qualidade media/baixa
437,11.1,0.45,0.73,3.2,0.066,6.0,22.0,0.9986,3.17,0.66,11.2,6,qualidade media/baixa
439,7.0,0.62,0.18,1.5,0.062,7.0,50.0,0.9951,3.08,0.6,9.3,5,qualidade media/baixa
440,12.6,0.31,0.72,2.2,0.072,6.0,29.0,0.9987,2.88,0.82,9.8,8,qualidade alta
442,15.6,0.685,0.76,3.7,0.1,6.0,43.0,1.0032,2.95,0.68,11.2,7,qualidade alta
444,5.3,0.57,0.01,1.7,0.054,5.0,27.0,0.9934,3.57,0.84,12.5,7,qualidade alta
446,12.5,0.38,0.6,2.6,0.081,31.0,72.0,0.9996,3.1,0.73,10.5,5,qualidade media/baixa
447,9.3,0.48,0.29,2.1,0.127,6.0,16.0,0.9968,3.22,0.72,11.2,5,qualidade media/baixa
448,8.6,0.53,0.22,2.0,0.1,7.0,27.0,0.9967,3.2,0.56,10.2,6,qualidade media/baixa
449,11.9,0.39,0.69,2.8,0.095,17.0,35.0,0.9994,3.1,0.61,10.8,6,qualidade media/baixa
450,11.9,0.39,0.69,2.8,0.095,17.0,35.0,0.9994,3.1,0.61,10.8,6,qualidade media/baixa
452,6.8,0.56,0.03,1.7,0.084,18.0,35.0,0.9968,3.44,0.63,10.0,6,qualidade media/baixa
453,10.4,0.33,0.63,2.8,0.084,5.0,22.0,0.9998,3.26,0.74,11.2,7,qualidade alta
454,7.0,0.23,0.4,1.6,0.063,21.0,67.0,0.9952,3.5,0.63,11.1,5,qualidade media/baixa
455,11.3,0.62,0.67,5.2,0.086,6.0,19.0,0.9988,3.22,0.69,13.4,8,qualidade alta
456,8.9,0.59,0.39,2.3,0.095,5.0,22.0,0.9986,3.37,0.58,10.3,5,qualidade media/baixa
457,9.2,0.63,0.21,2.7,0.0969999999999999,29.0,65.0,0.9988,3.28,0.58,9.6,5,qualidade media/baixa
459,11.6,0.58,0.66,2.2,0.074,10.0,47.0,1.0008,3.25,0.57,9.0,3,qualidade media/baixa
460,9.2,0.43,0.52,2.3,0.083,14.0,23.0,0.9976,3.35,0.61,11.3,6,qualidade media/baixa
461,8.3,0.615,0.22,2.6,0.087,6.0,19.0,0.9982,3.26,0.61,9.3,5,qualidade media/baixa
464,11.5,0.315,0.54,2.1,0.084,5.0,15.0,0.9987,2.98,0.7,9.2,6,qualidade media/baixa
466,10.3,0.5,0.42,2.0,0.069,21.0,51.0,0.9982,3.16,0.72,11.5,6,qualidade media/baixa
467,8.8,0.46,0.45,2.6,0.065,7.0,18.0,0.9947,3.32,0.79,14.0,6,qualidade media/baixa
468,11.4,0.36,0.69,2.1,0.09,6.0,21.0,1.0,3.17,0.62,9.2,6,qualidade media/baixa
469,8.7,0.82,0.02,1.2,0.07,36.0,48.0,0.9952,3.2,0.58,9.8,5,qualidade media/baixa
470,13.0,0.32,0.65,2.6,0.093,15.0,47.0,0.9996,3.05,0.61,10.6,5,qualidade media/baixa
471,9.6,0.54,0.42,2.4,0.081,25.0,52.0,0.997,3.2,0.71,11.4,6,qualidade media/baixa
472,12.5,0.37,0.55,2.6,0.083,25.0,68.0,0.9995,3.15,0.82,10.4,6,qualidade media/baixa
475,9.6,0.68,0.24,2.2,0.087,5.0,28.0,0.9988,3.14,0.6,10.2,5,qualidade media/baixa
476,9.3,0.27,0.41,2.0,0.091,6.0,16.0,0.998,3.28,0.7,9.7,5,qualidade media/baixa
477,10.4,0.24,0.49,1.8,0.075,6.0,20.0,0.9977,3.18,1.06,11.0,6,qualidade media/baixa
479,9.4,0.685,0.11,2.7,0.077,6.0,31.0,0.9984,3.19,0.7,10.1,6,qualidade media/baixa
480,10.6,0.28,0.39,15.5,0.069,6.0,23.0,1.0026,3.12,0.66,9.2,5,qualidade media/baixa
481,9.4,0.3,0.56,2.8,0.08,6.0,17.0,0.9964,3.15,0.92,11.7,8,qualidade alta
483,10.6,0.36,0.6,2.2,0.152,7.0,18.0,0.9986,3.04,1.06,9.4,5,qualidade media/baixa
485,10.2,0.67,0.39,1.9,0.054,6.0,17.0,0.9976,3.17,0.47,10.0,5,qualidade media/baixa
487,10.2,0.645,0.36,1.8,0.053,5.0,14.0,0.9982,3.17,0.42,10.0,6,qualidade media/baixa
489,9.3,0.39,0.4,2.6,0.073,10.0,26.0,0.9984,3.34,0.75,10.2,6,qualidade media/baixa
491,9.2,0.41,0.5,2.5,0.055,12.0,25.0,0.9952,3.34,0.79,13.3,7,qualidade alta
492,8.9,0.4,0.51,2.6,0.052,13.0,27.0,0.995,3.32,0.9,13.4,7,qualidade alta
493,8.7,0.69,0.31,3.0,0.086,23.0,81.0,1.0002,3.48,0.74,11.6,6,qualidade media/baixa
494,6.5,0.39,0.23,8.3,0.051,28.0,91.0,0.9952,3.44,0.55,12.1,6,qualidade media/baixa
495,10.7,0.35,0.53,2.6,0.07,5.0,16.0,0.9972,3.15,0.65,11.0,8,qualidade alta
496,7.8,0.52,0.25,1.9,0.081,14.0,38.0,0.9984,3.43,0.65,9.0,6,qualidade media/baixa
497,7.2,0.34,0.32,2.5,0.09,43.0,113.0,0.9966,3.32,0.79,11.1,5,qualidade media/baixa
498,10.7,0.35,0.53,2.6,0.07,5.0,16.0,0.9972,3.15,0.65,11.0,8,qualidade alta
499,8.7,0.69,0.31,3.0,0.086,23.0,81.0,1.0002,3.48,0.74,11.6,6,qualidade media/baixa
500,7.8,0.52,0.25,1.9,0.081,14.0,38.0,0.9984,3.43,0.65,9.0,6,qualidade media/baixa
501,10.4,0.44,0.73,6.55,0.074,38.0,76.0,0.999,3.17,0.85,12.0,7,qualidade alta
502,10.4,0.44,0.73,6.55,0.074,38.0,76.0,0.999,3.17,0.85,12.0,7,qualidade alta
504,10.5,0.24,0.42,1.8,0.077,6.0,22.0,0.9976,3.21,1.05,10.8,7,qualidade alta
505,10.2,0.49,0.63,2.9,0.072,10.0,26.0,0.9968,3.16,0.78,12.5,7,qualidade alta
506,10.4,0.24,0.46,1.8,0.075,6.0,21.0,0.9976,3.25,1.02,10.8,7,qualidade alta
507,11.2,0.67,0.55,2.3,0.084,6.0,13.0,1.0,3.17,0.71,9.5,6,qualidade media/baixa
509,13.3,0.29,0.75,2.8,0.084,23.0,43.0,0.9986,3.04,0.68,11.4,7,qualidade alta
511,10.0,0.59,0.31,2.2,0.09,26.0,62.0,0.9994,3.18,0.63,10.2,6,qualidade media/baixa
512,10.7,0.4,0.48,2.1,0.125,15.0,49.0,0.998,3.03,0.81,9.7,6,qualidade media/baixa
513,10.5,0.51,0.64,2.4,0.107,6.0,15.0,0.9973,3.09,0.66,11.8,7,qualidade alta
514,10.5,0.51,0.64,2.4,0.107,6.0,15.0,0.9973,3.09,0.66,11.8,7,qualidade alta
515,8.5,0.655,0.49,6.1,0.122,34.0,151.0,1.001,3.31,1.14,9.3,5,qualidade media/baixa
516,12.5,0.6,0.49,4.3,0.1,5.0,14.0,1.001,3.25,0.74,11.9,6,qualidade media/baixa
517,10.4,0.61,0.49,2.1,0.2,5.0,16.0,0.9994,3.16,0.63,8.4,3,qualidade media/baixa
520,9.8,0.25,0.49,2.7,0.088,15.0,33.0,0.9982,3.42,0.9,10.0,6,qualidade media/baixa
523,9.3,0.4,0.49,2.5,0.085,38.0,142.0,0.9978,3.22,0.55,9.4,5,qualidade media/baixa
524,9.2,0.43,0.49,2.4,0.086,23.0,116.0,0.9976,3.23,0.64,9.5,5,qualidade media/baixa
527,7.0,0.38,0.49,2.5,0.0969999999999999,33.0,85.0,0.9962,3.39,0.77,11.4,6,qualidade media/baixa
529,9.9,0.63,0.24,2.4,0.077,6.0,33.0,0.9974,3.09,0.57,9.4,5,qualidade media/baixa
530,9.1,0.22,0.24,2.1,0.078,1.0,28.0,0.999,3.41,0.87,10.3,6,qualidade media/baixa
531,11.9,0.38,0.49,2.7,0.098,12.0,42.0,1.0004,3.16,0.61,10.3,5,qualidade media/baixa
532,11.9,0.38,0.49,2.7,0.098,12.0,42.0,1.0004,3.16,0.61,10.3,5,qualidade media/baixa
533,10.3,0.27,0.24,2.1,0.072,15.0,33.0,0.9956,3.22,0.66,12.8,6,qualidade media/baixa
534,10.0,0.48,0.24,2.7,0.102,13.0,32.0,1.0,3.28,0.56,10.0,6,qualidade media/baixa
535,9.1,0.22,0.24,2.1,0.078,1.0,28.0,0.999,3.41,0.87,10.3,6,qualidade media/baixa
536,9.9,0.63,0.24,2.4,0.077,6.0,33.0,0.9974,3.09,0.57,9.4,5,qualidade media/baixa
537,8.1,0.825,0.24,2.1,0.084,5.0,13.0,0.9972,3.37,0.77,10.7,6,qualidade media/baixa
538,12.9,0.35,0.49,5.8,0.066,5.0,35.0,1.0014,3.2,0.66,12.0,7,qualidade alta
539,11.2,0.5,0.74,5.15,0.1,5.0,17.0,0.9996,3.22,0.62,11.2,5,qualidade media/baixa
540,9.2,0.59,0.24,3.3,0.1009999999999999,20.0,47.0,0.9988,3.26,0.67,9.6,5,qualidade media/baixa
541,9.5,0.46,0.49,6.3,0.064,5.0,17.0,0.9988,3.21,0.73,11.0,6,qualidade media/baixa
542,9.3,0.715,0.24,2.1,0.07,5.0,20.0,0.9966,3.12,0.59,9.9,5,qualidade media/baixa
543,11.2,0.66,0.24,2.5,0.085,16.0,53.0,0.9993,3.06,0.72,11.0,6,qualidade media/baixa
544,14.3,0.31,0.74,1.8,0.075,6.0,15.0,1.0008,2.86,0.79,8.4,6,qualidade media/baixa
545,9.1,0.47,0.49,2.6,0.094,38.0,106.0,0.9982,3.08,0.59,9.1,5,qualidade media/baixa
546,7.5,0.55,0.24,2.0,0.078,10.0,28.0,0.9983,3.45,0.78,9.5,6,qualidade media/baixa
547,10.6,0.31,0.49,2.5,0.067,6.0,21.0,0.9987,3.26,0.86,10.7,6,qualidade media/baixa
548,12.4,0.35,0.49,2.6,0.079,27.0,69.0,0.9994,3.12,0.75,10.4,6,qualidade media/baixa
550,6.8,0.51,0.01,2.1,0.074,9.0,25.0,0.9958,3.33,0.56,9.5,6,qualidade media/baixa
551,9.4,0.43,0.24,2.8,0.092,14.0,45.0,0.998,3.19,0.73,10.0,6,qualidade media/baixa
552,9.5,0.46,0.24,2.7,0.092,14.0,44.0,0.998,3.12,0.74,10.0,6,qualidade media/baixa
553,5.0,1.04,0.24,1.6,0.05,32.0,96.0,0.9934,3.74,0.62,11.5,5,qualidade media/baixa
554,15.5,0.645,0.49,4.2,0.095,10.0,23.0,1.00315,2.92,0.74,11.1,5,qualidade media/baixa
556,10.9,0.53,0.49,4.6,0.118,10.0,17.0,1.0002,3.07,0.56,11.7,6,qualidade media/baixa
557,15.6,0.645,0.49,4.2,0.095,10.0,23.0,1.00315,2.92,0.74,11.1,5,qualidade media/baixa
559,13.0,0.47,0.49,4.3,0.085,6.0,47.0,1.0021,3.3,0.68,12.7,6,qualidade media/baixa
560,12.7,0.6,0.49,2.8,0.075,5.0,19.0,0.9994,3.14,0.57,11.4,5,qualidade media/baixa
562,9.0,0.54,0.49,2.9,0.094,41.0,110.0,0.9982,3.08,0.61,9.2,5,qualidade media/baixa
563,7.6,0.29,0.49,2.7,0.092,25.0,60.0,0.9971,3.31,0.61,10.1,6,qualidade media/baixa
564,13.0,0.47,0.49,4.3,0.085,6.0,47.0,1.0021,3.3,0.68,12.7,6,qualidade media/baixa
565,12.7,0.6,0.49,2.8,0.075,5.0,19.0,0.9994,3.14,0.57,11.4,5,qualidade media/baixa
567,8.7,0.7,0.24,2.5,0.226,5.0,15.0,0.9991,3.32,0.6,9.0,6,qualidade media/baixa
568,9.8,0.5,0.49,2.6,0.25,5.0,20.0,0.999,3.31,0.79,10.7,6,qualidade media/baixa
569,6.2,0.36,0.24,2.2,0.095,19.0,42.0,0.9946,3.57,0.57,11.7,6,qualidade media/baixa
570,11.5,0.35,0.49,3.3,0.07,10.0,37.0,1.0003,3.32,0.91,11.0,6,qualidade media/baixa
572,10.2,0.24,0.49,2.4,0.075,10.0,28.0,0.9978,3.14,0.61,10.4,5,qualidade media/baixa
576,9.9,0.5,0.24,2.3,0.103,6.0,14.0,0.9978,3.34,0.52,10.0,4,qualidade media/baixa
577,8.8,0.44,0.49,2.8,0.083,18.0,111.0,0.9982,3.3,0.6,9.5,5,qualidade media/baixa
578,8.8,0.47,0.49,2.9,0.085,17.0,110.0,0.9982,3.29,0.6,9.8,5,qualidade media/baixa
579,10.6,0.31,0.49,2.2,0.063,18.0,40.0,0.9976,3.14,0.51,9.8,6,qualidade media/baixa
580,12.3,0.5,0.49,2.2,0.089,5.0,14.0,1.0002,3.19,0.44,9.6,5,qualidade media/baixa
581,12.3,0.5,0.49,2.2,0.089,5.0,14.0,1.0002,3.19,0.44,9.6,5,qualidade media/baixa
583,12.0,0.28,0.49,1.9,0.074,10.0,21.0,0.9976,2.98,0.66,9.9,7,qualidade alta
587,7.3,0.73,0.24,1.9,0.108,18.0,102.0,0.9967,3.26,0.59,9.3,5,qualidade media/baixa
588,5.0,0.42,0.24,2.0,0.06,19.0,50.0,0.9917,3.72,0.74,14.0,8,qualidade alta
590,9.0,0.45,0.49,2.6,0.084,21.0,75.0,0.9987,3.35,0.57,9.7,5,qualidade media/baixa
591,6.6,0.39,0.49,1.7,0.07,23.0,149.0,0.9922,3.12,0.5,11.5,6,qualidade media/baixa
592,9.0,0.45,0.49,2.6,0.084,21.0,75.0,0.9987,3.35,0.57,9.7,5,qualidade media/baixa
593,9.9,0.49,0.58,3.5,0.094,9.0,43.0,1.0004,3.29,0.58,9.0,5,qualidade media/baixa
595,8.9,0.595,0.41,7.9,0.086,30.0,109.0,0.9998,3.27,0.57,9.3,5,qualidade media/baixa
596,12.4,0.4,0.51,2.0,0.059,6.0,24.0,0.9994,3.04,0.6,9.3,6,qualidade media/baixa
598,8.5,0.585,0.18,2.1,0.078,5.0,30.0,0.9967,3.2,0.48,9.8,6,qualidade media/baixa
602,7.7,0.835,0.0,2.6,0.081,6.0,14.0,0.9975,3.3,0.52,9.3,5,qualidade media/baixa
604,8.3,0.58,0.13,2.9,0.096,14.0,63.0,0.9984,3.17,0.62,9.1,6,qualidade media/baixa
607,8.8,0.48,0.41,3.3,0.092,26.0,52.0,0.9982,3.31,0.53,10.5,6,qualidade media/baixa
608,10.1,0.65,0.37,5.1,0.11,11.0,65.0,1.0026,3.32,0.64,10.4,6,qualidade media/baixa
609,6.3,0.36,0.19,3.2,0.075,15.0,39.0,0.9956,3.56,0.52,12.7,6,qualidade media/baixa
610,8.8,0.24,0.54,2.5,0.083,25.0,57.0,0.9983,3.39,0.54,9.2,5,qualidade media/baixa
611,13.2,0.38,0.55,2.7,0.081,5.0,16.0,1.0006,2.98,0.54,9.4,5,qualidade media/baixa
612,7.5,0.64,0.0,2.4,0.077,18.0,29.0,0.9965,3.32,0.6,10.0,6,qualidade media/baixa
616,9.6,0.6,0.5,2.3,0.079,28.0,71.0,0.9997,3.5,0.57,9.7,5,qualidade media/baixa
617,11.5,0.31,0.51,2.2,0.079,14.0,28.0,0.9982,3.03,0.93,9.8,6,qualidade media/baixa
619,11.3,0.37,0.41,2.3,0.088,6.0,16.0,0.9988,3.09,0.8,9.3,5,qualidade media/baixa
620,8.3,0.54,0.24,3.4,0.076,16.0,112.0,0.9976,3.27,0.61,9.4,5,qualidade media/baixa
621,8.2,0.56,0.23,3.4,0.078,14.0,104.0,0.9976,3.28,0.62,9.4,5,qualidade media/baixa
622,10.0,0.58,0.22,1.9,0.08,9.0,32.0,0.9974,3.13,0.55,9.5,5,qualidade media/baixa
625,6.8,0.69,0.0,5.6,0.124,21.0,58.0,0.9997,3.46,0.72,10.2,5,qualidade media/baixa
626,8.8,0.6,0.29,2.2,0.098,5.0,15.0,0.9988,3.36,0.49,9.1,5,qualidade media/baixa
627,8.8,0.6,0.29,2.2,0.098,5.0,15.0,0.9988,3.36,0.49,9.1,5,qualidade media/baixa
628,8.7,0.54,0.26,2.5,0.0969999999999999,7.0,31.0,0.9976,3.27,0.6,9.3,6,qualidade media/baixa
629,7.6,0.685,0.23,2.3,0.111,20.0,84.0,0.9964,3.21,0.61,9.3,5,qualidade media/baixa
630,8.7,0.54,0.26,2.5,0.0969999999999999,7.0,31.0,0.9976,3.27,0.6,9.3,6,qualidade media/baixa
631,10.4,0.28,0.54,2.7,0.105,5.0,19.0,0.9988,3.25,0.63,9.5,5,qualidade media/baixa
632,7.6,0.41,0.14,3.0,0.087,21.0,43.0,0.9964,3.32,0.57,10.5,6,qualidade media/baixa
633,10.1,0.935,0.22,3.4,0.105,11.0,86.0,1.001,3.43,0.64,11.3,4,qualidade media/baixa
634,7.9,0.35,0.21,1.9,0.073,46.0,102.0,0.9964,3.27,0.58,9.5,5,qualidade media/baixa
635,8.7,0.84,0.0,1.4,0.065,24.0,33.0,0.9954,3.27,0.55,9.7,5,qualidade media/baixa
636,9.6,0.88,0.28,2.4,0.086,30.0,147.0,0.9979,3.24,0.53,9.4,5,qualidade media/baixa
637,9.5,0.885,0.27,2.3,0.084,31.0,145.0,0.9978,3.24,0.53,9.4,5,qualidade media/baixa
639,8.9,0.29,0.35,1.9,0.067,25.0,57.0,0.997,3.18,1.36,10.3,6,qualidade media/baixa
640,9.9,0.54,0.45,2.3,0.071,16.0,40.0,0.9991,3.39,0.62,9.4,5,qualidade media/baixa
642,9.9,0.54,0.45,2.3,0.071,16.0,40.0,0.9991,3.39,0.62,9.4,5,qualidade media/baixa
644,9.9,0.54,0.45,2.3,0.071,16.0,40.0,0.9991,3.39,0.62,9.4,5,qualidade media/baixa
647,8.3,0.845,0.01,2.2,0.07,5.0,14.0,0.9967,3.32,0.58,11.0,4,qualidade media/baixa
648,8.7,0.48,0.3,2.8,0.066,10.0,28.0,0.9964,3.33,0.67,11.2,7,qualidade alta
649,6.7,0.42,0.27,8.6,0.068,24.0,148.0,0.9948,3.16,0.57,11.3,6,qualidade media/baixa
650,10.7,0.43,0.39,2.2,0.106,8.0,32.0,0.9986,2.89,0.5,9.6,5,qualidade media/baixa
652,15.9,0.36,0.65,7.5,0.096,22.0,71.0,0.9976,2.98,0.84,14.9,5,qualidade media/baixa
653,9.4,0.33,0.59,2.8,0.079,9.0,30.0,0.9976,3.12,0.54,12.0,6,qualidade media/baixa
654,8.6,0.47,0.47,2.4,0.074,7.0,29.0,0.9979,3.08,0.46,9.5,5,qualidade media/baixa
655,9.7,0.55,0.17,2.9,0.087,20.0,53.0,1.0004,3.14,0.61,9.4,5,qualidade media/baixa
656,10.7,0.43,0.39,2.2,0.106,8.0,32.0,0.9986,2.89,0.5,9.6,5,qualidade media/baixa
657,12.0,0.5,0.59,1.4,0.073,23.0,42.0,0.998,2.92,0.68,10.5,7,qualidade alta
658,7.2,0.52,0.07,1.4,0.074,5.0,20.0,0.9973,3.32,0.81,9.6,6,qualidade media/baixa
660,7.2,0.52,0.07,1.4,0.074,5.0,20.0,0.9973,3.32,0.81,9.6,6,qualidade media/baixa
661,7.5,0.42,0.31,1.6,0.08,15.0,42.0,0.9978,3.31,0.64,9.0,5,qualidade media/baixa
662,7.2,0.57,0.06,1.6,0.076,9.0,27.0,0.9972,3.36,0.7,9.6,6,qualidade media/baixa
665,9.4,0.59,0.14,2.0,0.084,25.0,48.0,0.9981,3.14,0.56,9.7,5,qualidade media/baixa
666,8.3,0.49,0.36,1.8,0.222,6.0,16.0,0.998,3.18,0.6,9.5,6,qualidade media/baixa
667,11.3,0.34,0.45,2.0,0.0819999999999999,6.0,15.0,0.9988,2.94,0.66,9.2,6,qualidade media/baixa
669,11.3,0.34,0.45,2.0,0.0819999999999999,6.0,15.0,0.9988,2.94,0.66,9.2,6,qualidade media/baixa
671,8.2,0.73,0.21,1.7,0.074,5.0,13.0,0.9968,3.2,0.52,9.5,5,qualidade media/baixa
673,8.2,0.73,0.21,1.7,0.074,5.0,13.0,0.9968,3.2,0.52,9.5,5,qualidade media/baixa
676,10.8,0.4,0.41,2.2,0.084,7.0,17.0,0.9984,3.08,0.67,9.3,6,qualidade media/baixa
677,8.6,0.8,0.11,2.3,0.084,12.0,31.0,0.9979,3.4,0.48,9.9,5,qualidade media/baixa
678,8.3,0.78,0.1,2.6,0.081,45.0,87.0,0.9983,3.48,0.53,10.0,5,qualidade media/baixa
679,10.8,0.26,0.45,3.3,0.06,20.0,49.0,0.9972,3.13,0.54,9.6,5,qualidade media/baixa
681,8.0,0.45,0.23,2.2,0.094,16.0,29.0,0.9962,3.21,0.49,10.2,6,qualidade media/baixa
682,8.5,0.46,0.31,2.25,0.078,32.0,58.0,0.998,3.33,0.54,9.8,5,qualidade media/baixa
683,8.1,0.78,0.23,2.6,0.059,5.0,15.0,0.997,3.37,0.56,11.3,5,qualidade media/baixa
684,9.8,0.98,0.32,2.3,0.078,35.0,152.0,0.998,3.25,0.48,9.4,5,qualidade media/baixa
685,8.1,0.78,0.23,2.6,0.059,5.0,15.0,0.997,3.37,0.56,11.3,5,qualidade media/baixa
688,7.7,0.66,0.04,1.6,0.039,4.0,9.0,0.9962,3.4,0.47,9.4,5,qualidade media/baixa
689,8.1,0.38,0.48,1.8,0.157,5.0,17.0,0.9976,3.3,1.05,9.4,5,qualidade media/baixa
691,9.2,0.92,0.24,2.6,0.087,12.0,93.0,0.9998,3.48,0.54,9.8,5,qualidade media/baixa
692,8.6,0.49,0.51,2.0,0.422,16.0,62.0,0.9979,3.03,1.17,9.0,5,qualidade media/baixa
693,9.0,0.48,0.32,2.8,0.084,21.0,122.0,0.9984,3.32,0.62,9.4,5,qualidade media/baixa
694,9.0,0.47,0.31,2.7,0.084,24.0,125.0,0.9984,3.31,0.61,9.4,5,qualidade media/baixa
695,5.1,0.47,0.02,1.3,0.034,18.0,44.0,0.9921,3.9,0.62,12.8,6,qualidade media/baixa
697,7.0,0.65,0.02,2.1,0.066,8.0,25.0,0.9972,3.47,0.67,9.5,6,qualidade media/baixa
698,9.4,0.615,0.28,3.2,0.087,18.0,72.0,1.0001,3.31,0.53,9.7,5,qualidade media/baixa
699,11.8,0.38,0.55,2.1,0.071,5.0,19.0,0.9986,3.11,0.62,10.8,6,qualidade media/baixa
700,10.6,1.02,0.43,2.9,0.076,26.0,88.0,0.9984,3.08,0.57,10.1,6,qualidade media/baixa
701,7.0,0.65,0.02,2.1,0.066,8.0,25.0,0.9972,3.47,0.67,9.5,6,qualidade media/baixa
702,7.0,0.64,0.02,2.1,0.067,9.0,23.0,0.997,3.47,0.67,9.4,6,qualidade media/baixa
703,7.5,0.38,0.48,2.6,0.073,22.0,84.0,0.9972,3.32,0.7,9.6,4,qualidade media/baixa
704,9.1,0.765,0.04,1.6,0.078,4.0,14.0,0.998,3.29,0.54,9.7,4,qualidade media/baixa
705,8.4,1.035,0.15,6.0,0.073,11.0,54.0,0.999,3.37,0.49,9.9,5,qualidade media/baixa
706,7.0,0.78,0.08,2.0,0.093,10.0,19.0,0.9956,3.4,0.47,10.0,5,qualidade media/baixa
707,7.4,0.49,0.19,3.0,0.077,16.0,37.0,0.9966,3.37,0.51,10.5,5,qualidade media/baixa
708,7.8,0.545,0.12,2.5,0.068,11.0,35.0,0.996,3.34,0.61,11.6,6,qualidade media/baixa
710,10.6,1.025,0.43,2.8,0.08,21.0,84.0,0.9985,3.06,0.57,10.1,5,qualidade media/baixa
711,8.9,0.565,0.34,3.0,0.093,16.0,112.0,0.9998,3.38,0.61,9.5,5,qualidade media/baixa
714,9.9,0.74,0.28,2.6,0.078,21.0,77.0,0.998,3.28,0.51,9.8,5,qualidade media/baixa
717,7.6,0.46,0.11,2.6,0.079,12.0,49.0,0.9968,3.21,0.57,10.0,5,qualidade media/baixa
718,8.4,0.56,0.04,2.0,0.0819999999999999,10.0,22.0,0.9976,3.22,0.44,9.6,5,qualidade media/baixa
719,7.1,0.66,0.0,3.9,0.086,17.0,45.0,0.9976,3.46,0.54,9.5,5,qualidade media/baixa
720,8.4,0.56,0.04,2.0,0.0819999999999999,10.0,22.0,0.9976,3.22,0.44,9.6,5,qualidade media/baixa
721,8.9,0.48,0.24,2.85,0.094,35.0,106.0,0.9982,3.1,0.53,9.2,5,qualidade media/baixa
723,7.1,0.31,0.3,2.2,0.053,36.0,127.0,0.9965,2.94,1.62,9.5,5,qualidade media/baixa
725,9.0,0.66,0.17,3.0,0.077,5.0,13.0,0.9976,3.29,0.55,10.4,5,qualidade media/baixa
726,8.1,0.72,0.09,2.8,0.084,18.0,49.0,0.9994,3.43,0.72,11.1,6,qualidade media/baixa
727,6.4,0.57,0.02,1.8,0.067,4.0,11.0,0.997,3.46,0.68,9.5,5,qualidade media/baixa
728,6.4,0.57,0.02,1.8,0.067,4.0,11.0,0.997,3.46,0.68,9.5,5,qualidade media/baixa
729,6.4,0.865,0.03,3.2,0.071,27.0,58.0,0.995,3.61,0.49,12.7,6,qualidade media/baixa
730,9.5,0.55,0.66,2.3,0.387,12.0,37.0,0.9982,3.17,0.67,9.6,5,qualidade media/baixa
731,8.9,0.875,0.13,3.45,0.088,4.0,14.0,0.9994,3.44,0.52,11.5,5,qualidade media/baixa
732,7.3,0.835,0.03,2.1,0.092,10.0,19.0,0.9966,3.39,0.47,9.6,5,qualidade media/baixa
733,7.0,0.45,0.34,2.7,0.0819999999999999,16.0,72.0,0.998,3.55,0.6,9.5,5,qualidade media/baixa
734,7.7,0.56,0.2,2.0,0.075,9.0,39.0,0.9987,3.48,0.62,9.3,5,qualidade media/baixa
736,7.7,0.965,0.1,2.1,0.1119999999999999,11.0,22.0,0.9963,3.26,0.5,9.5,5,qualidade media/baixa
737,8.2,0.59,0.0,2.5,0.093,19.0,58.0,1.0002,3.5,0.65,9.3,6,qualidade media/baixa
739,9.0,0.69,0.0,2.4,0.088,19.0,38.0,0.999,3.35,0.6,9.3,5,qualidade media/baixa
740,8.3,0.76,0.29,4.2,0.075,12.0,16.0,0.9965,3.45,0.68,11.5,6,qualidade media/baixa
741,9.2,0.53,0.24,2.6,0.078,28.0,139.0,0.99788,3.21,0.57,9.5,5,qualidade media/baixa
744,11.1,0.39,0.54,2.7,0.095,21.0,101.0,1.0001,3.13,0.51,9.5,5,qualidade media/baixa
745,7.3,0.51,0.18,2.1,0.07,12.0,28.0,0.99768,3.52,0.73,9.5,6,qualidade media/baixa
746,8.2,0.34,0.38,2.5,0.08,12.0,57.0,0.9978,3.3,0.47,9.0,6,qualidade media/baixa
748,7.2,0.5,0.18,2.1,0.071,12.0,31.0,0.99761,3.52,0.72,9.6,6,qualidade media/baixa
749,7.3,0.51,0.18,2.1,0.07,12.0,28.0,0.99768,3.52,0.73,9.5,6,qualidade media/baixa
750,8.3,0.65,0.1,2.9,0.089,17.0,40.0,0.99803,3.29,0.55,9.5,5,qualidade media/baixa
752,7.6,0.54,0.13,2.5,0.0969999999999999,24.0,66.0,0.99785,3.39,0.61,9.4,5,qualidade media/baixa
753,8.3,0.65,0.1,2.9,0.089,17.0,40.0,0.99803,3.29,0.55,9.5,5,qualidade media/baixa
754,7.8,0.48,0.68,1.7,0.415,14.0,32.0,0.99656,3.09,1.06,9.1,6,qualidade media/baixa
755,7.8,0.91,0.07,1.9,0.0579999999999999,22.0,47.0,0.99525,3.51,0.43,10.7,6,qualidade media/baixa
756,6.3,0.98,0.01,2.0,0.057,15.0,33.0,0.99488,3.6,0.46,11.2,6,qualidade media/baixa
757,8.1,0.87,0.0,2.2,0.084,10.0,31.0,0.99656,3.25,0.5,9.8,5,qualidade media/baixa
758,8.1,0.87,0.0,2.2,0.084,10.0,31.0,0.99656,3.25,0.5,9.8,5,qualidade media/baixa
759,8.8,0.42,0.21,2.5,0.092,33.0,88.0,0.99823,3.19,0.52,9.2,5,qualidade media/baixa
760,9.0,0.58,0.25,2.8,0.075,9.0,104.0,0.99779,3.23,0.57,9.7,5,qualidade media/baixa
761,9.3,0.655,0.26,2.0,0.096,5.0,35.0,0.99738,3.25,0.42,9.6,5,qualidade media/baixa
762,8.8,0.7,0.0,1.7,0.069,8.0,19.0,0.99701,3.31,0.53,10.0,6,qualidade media/baixa
764,9.1,0.68,0.11,2.8,0.093,11.0,44.0,0.99888,3.31,0.55,9.5,6,qualidade media/baixa
765,9.2,0.67,0.1,3.0,0.091,12.0,48.0,0.99888,3.31,0.54,9.5,6,qualidade media/baixa
766,8.8,0.59,0.18,2.9,0.089,12.0,74.0,0.99738,3.14,0.54,9.4,5,qualidade media/baixa
768,7.1,0.59,0.02,2.3,0.0819999999999999,24.0,94.0,0.99744,3.55,0.53,9.7,6,qualidade media/baixa
769,7.9,0.72,0.01,1.9,0.076,7.0,32.0,0.99668,3.39,0.54,9.6,5,qualidade media/baixa
770,7.1,0.59,0.02,2.3,0.0819999999999999,24.0,94.0,0.99744,3.55,0.53,9.7,6,qualidade media/baixa
771,9.4,0.685,0.26,2.4,0.0819999999999999,23.0,143.0,0.9978,3.28,0.55,9.4,5,qualidade media/baixa
772,9.5,0.57,0.27,2.3,0.0819999999999999,23.0,144.0,0.99782,3.27,0.55,9.4,5,qualidade media/baixa
773,7.9,0.4,0.29,1.8,0.157,1.0,44.0,0.9973,3.3,0.92,9.5,6,qualidade media/baixa
775,7.2,1.0,0.0,3.0,0.102,7.0,16.0,0.99586,3.43,0.46,10.0,5,qualidade media/baixa
777,6.9,0.635,0.17,2.4,0.241,6.0,18.0,0.9961,3.4,0.59,10.3,6,qualidade media/baixa
778,8.3,0.43,0.3,3.4,0.079,7.0,34.0,0.99788,3.36,0.61,10.5,5,qualidade media/baixa
779,7.1,0.52,0.03,2.6,0.076,21.0,92.0,0.99745,3.5,0.6,9.8,5,qualidade media/baixa
780,7.0,0.57,0.0,2.0,0.19,12.0,45.0,0.99676,3.31,0.6,9.4,6,qualidade media/baixa
781,6.5,0.46,0.14,2.4,0.114,9.0,37.0,0.99732,3.66,0.65,9.8,5,qualidade media/baixa
784,7.1,0.59,0.01,2.5,0.077,20.0,85.0,0.99746,3.55,0.59,9.8,5,qualidade media/baixa
785,9.9,0.35,0.41,2.3,0.083,11.0,61.0,0.9982,3.21,0.5,9.5,5,qualidade media/baixa
787,10.0,0.56,0.24,2.2,0.079,19.0,58.0,0.9991,3.18,0.56,10.1,6,qualidade media/baixa
788,10.0,0.56,0.24,2.2,0.079,19.0,58.0,0.9991,3.18,0.56,10.1,6,qualidade media/baixa
789,8.6,0.63,0.17,2.9,0.099,21.0,119.0,0.998,3.09,0.52,9.3,5,qualidade media/baixa
790,7.4,0.37,0.43,2.6,0.0819999999999999,18.0,82.0,0.99708,3.33,0.68,9.7,6,qualidade media/baixa
791,8.8,0.64,0.17,2.9,0.084,25.0,130.0,0.99818,3.23,0.54,9.6,5,qualidade media/baixa
792,7.1,0.61,0.02,2.5,0.081,17.0,87.0,0.99745,3.48,0.6,9.7,6,qualidade media/baixa
793,7.7,0.6,0.0,2.6,0.055,7.0,13.0,0.99639,3.38,0.56,10.8,5,qualidade media/baixa
794,10.1,0.27,0.54,2.3,0.065,7.0,26.0,0.99531,3.17,0.53,12.5,6,qualidade media/baixa
795,10.8,0.89,0.3,2.6,0.132,7.0,60.0,0.99786,2.99,1.18,10.2,5,qualidade media/baixa
796,8.7,0.46,0.31,2.5,0.126,24.0,64.0,0.99746,3.1,0.74,9.6,5,qualidade media/baixa
797,9.3,0.37,0.44,1.6,0.038,21.0,42.0,0.99526,3.24,0.81,10.8,7,qualidade alta
799,9.4,0.5,0.34,3.6,0.0819999999999999,5.0,14.0,0.9987,3.29,0.52,10.7,6,qualidade media/baixa
801,8.6,0.55,0.09,3.3,0.068,8.0,17.0,0.99735,3.23,0.44,10.0,5,qualidade media/baixa
802,5.1,0.585,0.0,1.7,0.044,14.0,86.0,0.99264,3.56,0.94,12.9,7,qualidade alta
803,7.7,0.56,0.08,2.5,0.114,14.0,46.0,0.9971,3.24,0.66,9.6,6,qualidade media/baixa
804,8.4,0.52,0.22,2.7,0.084,4.0,18.0,0.99682,3.26,0.57,9.9,6,qualidade media/baixa
806,8.4,0.25,0.39,2.0,0.0409999999999999,4.0,10.0,0.99386,3.27,0.71,12.5,7,qualidade alta
808,7.4,0.53,0.12,1.9,0.165,4.0,12.0,0.99702,3.26,0.86,9.2,5,qualidade media/baixa
809,7.6,0.48,0.31,2.8,0.07,4.0,15.0,0.99693,3.22,0.55,10.3,6,qualidade media/baixa
810,7.3,0.49,0.1,2.6,0.068,4.0,14.0,0.99562,3.3,0.47,10.5,5,qualidade media/baixa
811,12.9,0.5,0.55,2.8,0.072,7.0,24.0,1.00012,3.09,0.68,10.9,6,qualidade media/baixa
813,6.9,0.39,0.24,2.1,0.102,4.0,7.0,0.99462,3.44,0.58,11.4,4,qualidade media/baixa
814,12.6,0.41,0.54,2.8,0.103,19.0,41.0,0.99939,3.21,0.76,11.3,6,qualidade media/baixa
819,9.1,0.66,0.15,3.2,0.0969999999999999,9.0,59.0,0.99976,3.28,0.54,9.6,5,qualidade media/baixa
820,7.0,0.685,0.0,1.9,0.099,9.0,22.0,0.99606,3.34,0.6,9.7,5,qualidade media/baixa
821,4.9,0.42,0.0,2.1,0.048,16.0,42.0,0.99154,3.71,0.74,14.0,7,qualidade alta
823,6.7,0.54,0.13,2.0,0.076,15.0,36.0,0.9973,3.61,0.64,9.8,5,qualidade media/baixa
824,7.1,0.48,0.28,2.8,0.068,6.0,16.0,0.99682,3.24,0.53,10.3,5,qualidade media/baixa
826,7.5,0.27,0.34,2.3,0.05,4.0,8.0,0.9951,3.4,0.64,11.0,7,qualidade alta
827,7.1,0.46,0.14,2.8,0.076,15.0,37.0,0.99624,3.36,0.49,10.7,5,qualidade media/baixa
830,7.5,0.685,0.07,2.5,0.0579999999999999,5.0,9.0,0.99632,3.38,0.55,10.9,4,qualidade media/baixa
831,5.9,0.61,0.08,2.1,0.071,16.0,24.0,0.99376,3.56,0.77,11.1,6,qualidade media/baixa
833,11.6,0.47,0.44,1.6,0.147,36.0,51.0,0.99836,3.38,0.86,9.9,4,qualidade media/baixa
836,6.7,0.28,0.28,2.4,0.012,36.0,100.0,0.99064,3.26,0.39,11.7,7,qualidade alta
837,6.7,0.28,0.28,2.4,0.012,36.0,100.0,0.99064,3.26,0.39,11.7,7,qualidade alta
838,10.1,0.31,0.35,1.6,0.075,9.0,28.0,0.99672,3.24,0.83,11.2,7,qualidade alta
841,6.6,0.66,0.0,3.0,0.115,21.0,31.0,0.99629,3.45,0.63,10.3,5,qualidade media/baixa
842,10.6,0.5,0.45,2.6,0.119,34.0,68.0,0.99708,3.23,0.72,10.9,6,qualidade media/baixa
843,7.1,0.685,0.35,2.0,0.088,9.0,92.0,0.9963,3.28,0.62,9.4,5,qualidade media/baixa
846,6.4,0.64,0.21,1.8,0.081,14.0,31.0,0.99689,3.59,0.66,9.8,5,qualidade media/baixa
847,7.4,0.68,0.16,1.8,0.078,12.0,39.0,0.9977,3.5,0.7,9.9,6,qualidade media/baixa
848,6.4,0.64,0.21,1.8,0.081,14.0,31.0,0.99689,3.59,0.66,9.8,5,qualidade media/baixa
850,9.3,0.43,0.44,1.9,0.085,9.0,22.0,0.99708,3.28,0.55,9.5,5,qualidade media/baixa
851,9.3,0.43,0.44,1.9,0.085,9.0,22.0,0.99708,3.28,0.55,9.5,5,qualidade media/baixa
853,9.3,0.36,0.39,1.5,0.08,41.0,55.0,0.99652,3.47,0.73,10.9,6,qualidade media/baixa
854,9.3,0.36,0.39,1.5,0.08,41.0,55.0,0.99652,3.47,0.73,10.9,6,qualidade media/baixa
856,9.3,0.36,0.39,1.5,0.08,41.0,55.0,0.99652,3.47,0.73,10.9,6,qualidade media/baixa
857,8.2,0.26,0.34,2.5,0.073,16.0,47.0,0.99594,3.4,0.78,11.3,7,qualidade alta
858,11.7,0.28,0.47,1.7,0.054,17.0,32.0,0.99686,3.15,0.67,10.6,7,qualidade alta
860,7.2,0.62,0.06,2.7,0.077,15.0,85.0,0.99746,3.51,0.54,9.5,5,qualidade media/baixa
862,7.5,0.42,0.32,2.7,0.067,7.0,25.0,0.99628,3.24,0.44,10.4,5,qualidade media/baixa
863,7.2,0.62,0.06,2.5,0.078,17.0,84.0,0.99746,3.51,0.53,9.7,5,qualidade media/baixa
865,7.2,0.635,0.07,2.6,0.077,16.0,86.0,0.99748,3.51,0.54,9.7,5,qualidade media/baixa
871,6.9,0.56,0.03,1.5,0.086,36.0,46.0,0.99522,3.53,0.57,10.6,5,qualidade media/baixa
872,7.3,0.35,0.24,2.0,0.067,28.0,48.0,0.99576,3.43,0.54,10.0,4,qualidade media/baixa
875,8.8,0.31,0.4,2.8,0.109,7.0,16.0,0.99614,3.31,0.79,11.8,7,qualidade alta
877,7.7,0.715,0.01,2.1,0.064,31.0,43.0,0.99371,3.41,0.57,11.8,6,qualidade media/baixa
881,7.6,0.715,0.0,2.1,0.068,30.0,35.0,0.99533,3.48,0.65,11.4,6,qualidade media/baixa
882,8.4,0.31,0.29,3.1,0.1939999999999999,14.0,26.0,0.99536,3.22,0.78,12.0,6,qualidade media/baixa
884,8.8,0.61,0.19,4.0,0.094,30.0,69.0,0.99787,3.22,0.5,10.0,6,qualidade media/baixa
885,8.9,0.75,0.14,2.5,0.086,9.0,30.0,0.99824,3.34,0.64,10.5,5,qualidade media/baixa
886,9.0,0.8,0.12,2.4,0.083,8.0,28.0,0.99836,3.33,0.65,10.4,6,qualidade media/baixa
888,6.8,0.57,0.0,2.5,0.072,32.0,64.0,0.99491,3.43,0.56,11.2,6,qualidade media/baixa
889,10.7,0.9,0.34,6.6,0.1119999999999999,23.0,99.0,1.00289,3.22,0.68,9.3,5,qualidade media/baixa
891,7.2,0.66,0.03,2.3,0.078,16.0,86.0,0.99743,3.53,0.57,9.7,5,qualidade media/baixa
892,10.1,0.45,0.23,1.9,0.0819999999999999,10.0,18.0,0.99774,3.22,0.65,9.3,6,qualidade media/baixa
893,7.2,0.66,0.03,2.3,0.078,16.0,86.0,0.99743,3.53,0.57,9.7,5,qualidade media/baixa
894,7.2,0.63,0.03,2.2,0.08,17.0,88.0,0.99745,3.53,0.58,9.8,6,qualidade media/baixa
895,7.1,0.59,0.01,2.3,0.08,27.0,43.0,0.9955,3.42,0.58,10.7,6,qualidade media/baixa
896,8.3,0.31,0.39,2.4,0.078,17.0,43.0,0.99444,3.31,0.77,12.5,7,qualidade alta
897,7.1,0.59,0.01,2.3,0.08,27.0,43.0,0.9955,3.42,0.58,10.7,6,qualidade media/baixa
898,8.3,0.31,0.39,2.4,0.078,17.0,43.0,0.99444,3.31,0.77,12.5,7,qualidade alta
900,8.9,0.31,0.36,2.6,0.0559999999999999,10.0,39.0,0.99562,3.4,0.69,11.8,5,qualidade media/baixa
901,7.4,0.635,0.1,2.4,0.08,16.0,33.0,0.99736,3.58,0.69,10.8,7,qualidade alta
902,7.4,0.635,0.1,2.4,0.08,16.0,33.0,0.99736,3.58,0.69,10.8,7,qualidade alta
904,6.8,0.59,0.06,6.0,0.06,11.0,18.0,0.9962,3.41,0.59,10.8,7,qualidade alta
906,7.2,0.54,0.27,2.6,0.084,12.0,78.0,0.9964,3.39,0.71,11.0,5,qualidade media/baixa
907,6.1,0.56,0.0,2.2,0.079,6.0,9.0,0.9948,3.59,0.54,11.5,6,qualidade media/baixa
908,7.4,0.52,0.13,2.4,0.078,34.0,61.0,0.99528,3.43,0.59,10.8,6,qualidade media/baixa
910,9.3,0.38,0.48,3.8,0.132,3.0,11.0,0.99577,3.23,0.57,13.2,6,qualidade media/baixa
911,9.1,0.28,0.46,9.0,0.114,3.0,9.0,0.99901,3.18,0.6,10.9,6,qualidade media/baixa
912,10.0,0.46,0.44,2.9,0.065,4.0,8.0,0.99674,3.33,0.62,12.2,6,qualidade media/baixa
915,8.6,0.315,0.4,2.2,0.079,3.0,6.0,0.99512,3.27,0.67,11.9,6,qualidade media/baixa
916,5.3,0.715,0.19,1.5,0.161,7.0,62.0,0.99395,3.62,0.61,11.0,5,qualidade media/baixa
917,6.8,0.41,0.31,8.8,0.084,26.0,45.0,0.99824,3.38,0.64,10.1,6,qualidade media/baixa
918,8.4,0.36,0.32,2.2,0.081,32.0,79.0,0.9964,3.3,0.72,11.0,6,qualidade media/baixa
919,8.4,0.62,0.12,1.8,0.072,38.0,46.0,0.99504,3.38,0.89,11.8,6,qualidade media/baixa
920,9.6,0.41,0.37,2.3,0.091,10.0,23.0,0.99786,3.24,0.56,10.5,5,qualidade media/baixa
922,8.4,0.62,0.12,1.8,0.072,38.0,46.0,0.99504,3.38,0.89,11.8,6,qualidade media/baixa
924,8.6,0.47,0.27,2.3,0.055,14.0,28.0,0.99516,3.18,0.8,11.2,5,qualidade media/baixa
925,8.6,0.22,0.36,1.9,0.064,53.0,77.0,0.99604,3.47,0.87,11.0,7,qualidade alta
926,9.4,0.24,0.33,2.3,0.061,52.0,73.0,0.99786,3.47,0.9,10.2,6,qualidade media/baixa
927,8.4,0.67,0.19,2.2,0.093,11.0,75.0,0.99736,3.2,0.59,9.2,4,qualidade media/baixa
928,8.6,0.47,0.27,2.3,0.055,14.0,28.0,0.99516,3.18,0.8,11.2,5,qualidade media/baixa
929,8.7,0.33,0.38,3.3,0.063,10.0,19.0,0.99468,3.3,0.73,12.0,7,qualidade alta
931,7.4,0.61,0.01,2.0,0.074,13.0,38.0,0.99748,3.48,0.65,9.8,5,qualidade media/baixa
932,7.6,0.4,0.29,1.9,0.078,29.0,66.0,0.9971,3.45,0.59,9.5,6,qualidade media/baixa
934,6.6,0.61,0.01,1.9,0.08,8.0,25.0,0.99746,3.69,0.73,10.5,5,qualidade media/baixa
936,8.8,0.3,0.38,2.3,0.06,19.0,72.0,0.99543,3.39,0.72,11.8,6,qualidade media/baixa
939,6.2,0.46,0.17,1.6,0.073,7.0,11.0,0.99425,3.61,0.54,11.4,5,qualidade media/baixa
941,9.9,0.27,0.49,5.0,0.0819999999999999,9.0,17.0,0.99484,3.19,0.52,12.5,7,qualidade alta
942,10.1,0.43,0.4,2.6,0.092,13.0,52.0,0.99834,3.22,0.64,10.0,7,qualidade alta
944,8.3,0.3,0.49,3.8,0.09,11.0,24.0,0.99498,3.27,0.64,12.1,7,qualidade alta
946,10.2,0.44,0.58,4.1,0.092,11.0,24.0,0.99745,3.29,0.99,12.0,7,qualidade alta
947,8.3,0.28,0.48,2.1,0.093,6.0,12.0,0.99408,3.26,0.62,12.4,7,qualidade alta
949,8.9,0.12,0.45,1.8,0.075,10.0,21.0,0.99552,3.41,0.76,11.9,7,qualidade alta
950,8.9,0.12,0.45,1.8,0.075,10.0,21.0,0.99552,3.41,0.76,11.9,7,qualidade alta
951,8.3,0.28,0.48,2.1,0.093,6.0,12.0,0.99408,3.26,0.62,12.4,7,qualidade alta
952,8.2,0.31,0.4,2.2,0.0579999999999999,6.0,10.0,0.99536,3.31,0.68,11.2,7,qualidade alta
953,10.2,0.34,0.48,2.1,0.052,5.0,9.0,0.99458,3.2,0.69,12.1,7,qualidade alta
955,8.5,0.21,0.52,1.9,0.09,9.0,23.0,0.99648,3.36,0.67,10.4,5,qualidade media/baixa
956,9.0,0.36,0.52,2.1,0.111,5.0,10.0,0.99568,3.31,0.62,11.3,6,qualidade media/baixa
958,6.4,0.57,0.12,2.3,0.12,25.0,36.0,0.99519,3.47,0.71,11.3,7,qualidade alta
960,8.5,0.47,0.27,1.9,0.0579999999999999,18.0,38.0,0.99518,3.16,0.85,11.1,6,qualidade media/baixa
961,7.1,0.56,0.14,1.6,0.078,7.0,18.0,0.99592,3.27,0.62,9.3,5,qualidade media/baixa
962,6.6,0.57,0.02,2.1,0.115,6.0,16.0,0.99654,3.38,0.69,9.5,5,qualidade media/baixa
964,8.5,0.47,0.27,1.9,0.0579999999999999,18.0,38.0,0.99518,3.16,0.85,11.1,6,qualidade media/baixa
967,8.5,0.66,0.2,2.1,0.0969999999999999,23.0,113.0,0.99733,3.13,0.48,9.2,5,qualidade media/baixa
968,9.0,0.4,0.43,2.4,0.068,29.0,46.0,0.9943,3.2,0.6,12.2,6,qualidade media/baixa
971,10.4,0.26,0.48,1.9,0.066,6.0,10.0,0.99724,3.33,0.87,10.9,6,qualidade media/baixa
974,8.8,0.33,0.41,5.9,0.073,7.0,13.0,0.99658,3.3,0.62,12.1,7,qualidade alta
975,7.2,0.41,0.3,2.1,0.083,35.0,72.0,0.997,3.44,0.52,9.4,5,qualidade media/baixa
977,8.4,0.59,0.29,2.6,0.109,31.0,119.0,0.99801,3.15,0.5,9.1,5,qualidade media/baixa
978,7.0,0.4,0.32,3.6,0.061,9.0,29.0,0.99416,3.28,0.49,11.3,7,qualidade alta
980,9.1,0.5,0.3,1.9,0.065,8.0,17.0,0.99774,3.32,0.71,10.5,6,qualidade media/baixa
981,9.5,0.86,0.26,1.9,0.079,13.0,28.0,0.99712,3.25,0.62,10.0,5,qualidade media/baixa
982,7.3,0.52,0.32,2.1,0.07,51.0,70.0,0.99418,3.34,0.82,12.9,6,qualidade media/baixa
983,9.1,0.5,0.3,1.9,0.065,8.0,17.0,0.99774,3.32,0.71,10.5,6,qualidade media/baixa
985,7.4,0.58,0.0,2.0,0.064,7.0,11.0,0.99562,3.45,0.58,11.3,6,qualidade media/baixa
987,7.1,0.36,0.3,1.6,0.08,35.0,70.0,0.99693,3.44,0.5,9.4,5,qualidade media/baixa
988,7.7,0.39,0.12,1.7,0.0969999999999999,19.0,27.0,0.99596,3.16,0.49,9.4,5,qualidade media/baixa
989,9.7,0.295,0.4,1.5,0.073,14.0,21.0,0.99556,3.14,0.51,10.9,6,qualidade media/baixa
990,7.7,0.39,0.12,1.7,0.0969999999999999,19.0,27.0,0.99596,3.16,0.49,9.4,5,qualidade media/baixa
991,7.1,0.34,0.28,2.0,0.0819999999999999,31.0,68.0,0.99694,3.45,0.48,9.4,5,qualidade media/baixa
993,7.1,0.34,0.28,2.0,0.0819999999999999,31.0,68.0,0.99694,3.45,0.48,9.4,5,qualidade media/baixa
995,7.7,0.6,0.06,2.0,0.079,19.0,41.0,0.99697,3.39,0.62,10.1,6,qualidade media/baixa
998,8.9,0.84,0.34,1.4,0.05,4.0,10.0,0.99554,3.12,0.48,9.1,6,qualidade media/baixa
999,6.4,0.69,0.0,1.65,0.055,7.0,12.0,0.99162,3.47,0.53,12.9,6,qualidade media/baixa
1000,7.5,0.43,0.3,2.2,0.062,6.0,12.0,0.99495,3.44,0.72,11.5,7,qualidade alta
1004,8.2,0.43,0.29,1.6,0.081,27.0,45.0,0.99603,3.25,0.54,10.3,5,qualidade media/baixa
1005,6.8,0.36,0.32,1.8,0.067,4.0,8.0,0.9928,3.36,0.55,12.8,7,qualidade alta
1006,9.1,0.29,0.33,2.05,0.063,13.0,27.0,0.99516,3.26,0.84,11.7,7,qualidade alta
1007,9.1,0.3,0.34,2.0,0.064,12.0,25.0,0.99516,3.26,0.84,11.7,7,qualidade alta
1008,8.9,0.35,0.4,3.6,0.11,12.0,24.0,0.99549,3.23,0.7,12.0,7,qualidade alta
1010,8.9,0.28,0.45,1.7,0.067,7.0,12.0,0.99354,3.25,0.55,12.3,7,qualidade alta
1011,8.9,0.32,0.31,2.0,0.088,12.0,19.0,0.9957,3.17,0.55,10.4,6,qualidade media/baixa
1012,7.7,1.005,0.15,2.1,0.102,11.0,32.0,0.99604,3.23,0.48,10.0,5,qualidade media/baixa
1013,7.5,0.71,0.0,1.6,0.092,22.0,31.0,0.99635,3.38,0.58,10.0,6,qualidade media/baixa
1014,8.0,0.58,0.16,2.0,0.12,3.0,7.0,0.99454,3.22,0.58,11.2,6,qualidade media/baixa
1016,8.9,0.38,0.4,2.2,0.068,12.0,28.0,0.99486,3.27,0.75,12.6,7,qualidade alta
1018,8.0,0.18,0.37,0.9,0.049,36.0,109.0,0.99007,2.89,0.44,12.7,6,qualidade media/baixa
1019,7.0,0.5,0.14,1.8,0.078,10.0,23.0,0.99636,3.53,0.61,10.4,5,qualidade media/baixa
1020,11.3,0.36,0.66,2.4,0.123,3.0,8.0,0.99642,3.2,0.53,11.9,6,qualidade media/baixa
1021,11.3,0.36,0.66,2.4,0.123,3.0,8.0,0.99642,3.2,0.53,11.9,6,qualidade media/baixa
1022,7.0,0.51,0.09,2.1,0.062,4.0,9.0,0.99584,3.35,0.54,10.5,5,qualidade media/baixa
1023,8.2,0.32,0.42,2.3,0.098,3.0,9.0,0.99506,3.27,0.55,12.3,6,qualidade media/baixa
1024,7.7,0.58,0.01,1.8,0.088,12.0,18.0,0.99568,3.32,0.56,10.5,7,qualidade alta
1025,8.6,0.83,0.0,2.8,0.095,17.0,43.0,0.99822,3.33,0.6,10.4,6,qualidade media/baixa
1026,7.9,0.31,0.32,1.9,0.066,14.0,36.0,0.99364,3.41,0.56,12.6,6,qualidade media/baixa
1027,6.4,0.795,0.0,2.2,0.065,28.0,52.0,0.99378,3.49,0.52,11.6,5,qualidade media/baixa
1029,7.7,0.58,0.01,1.8,0.088,12.0,18.0,0.99568,3.32,0.56,10.5,7,qualidade alta
1032,8.1,0.82,0.0,4.1,0.095,5.0,14.0,0.99854,3.36,0.53,9.6,5,qualidade media/baixa
1034,8.9,0.745,0.18,2.5,0.077,15.0,48.0,0.99739,3.2,0.47,9.7,6,qualidade media/baixa
1035,10.1,0.37,0.34,2.4,0.085,5.0,17.0,0.99683,3.17,0.65,10.6,7,qualidade alta
1036,7.6,0.31,0.34,2.5,0.0819999999999999,26.0,35.0,0.99356,3.22,0.59,12.5,7,qualidade alta
1038,8.7,0.41,0.41,6.2,0.078,25.0,42.0,0.9953,3.24,0.77,12.6,7,qualidade alta
1039,8.9,0.5,0.21,2.2,0.088,21.0,39.0,0.99692,3.33,0.83,11.1,6,qualidade media/baixa
1041,6.9,0.49,0.19,1.7,0.079,13.0,26.0,0.99547,3.38,0.64,9.8,6,qualidade media/baixa
1044,6.4,0.39,0.33,3.3,0.046,12.0,53.0,0.99294,3.36,0.62,12.2,6,qualidade media/baixa
1045,6.9,0.44,0.0,1.4,0.07,32.0,38.0,0.99438,3.32,0.58,11.4,6,qualidade media/baixa
1046,7.6,0.78,0.0,1.7,0.076,33.0,45.0,0.99612,3.31,0.62,10.7,6,qualidade media/baixa
1047,7.1,0.43,0.17,1.8,0.0819999999999999,27.0,51.0,0.99634,3.49,0.64,10.4,5,qualidade media/baixa
1048,9.3,0.49,0.36,1.7,0.081,3.0,14.0,0.99702,3.27,0.78,10.9,6,qualidade media/baixa
1049,9.3,0.5,0.36,1.8,0.084,6.0,17.0,0.99704,3.27,0.77,10.8,6,qualidade media/baixa
1051,8.5,0.46,0.59,1.4,0.414,16.0,45.0,0.99702,3.03,1.34,9.2,5,qualidade media/baixa
1052,5.6,0.605,0.05,2.4,0.073,19.0,25.0,0.99258,3.56,0.55,12.9,5,qualidade media/baixa
1053,8.3,0.33,0.42,2.3,0.07,9.0,20.0,0.99426,3.38,0.77,12.7,7,qualidade alta
1055,8.2,0.64,0.27,2.0,0.095,5.0,77.0,0.99747,3.13,0.62,9.1,6,qualidade media/baixa
1056,8.9,0.48,0.53,4.0,0.1009999999999999,3.0,10.0,0.99586,3.21,0.59,12.1,7,qualidade alta
1057,7.6,0.42,0.25,3.9,0.104,28.0,90.0,0.99784,3.15,0.57,9.1,5,qualidade media/baixa
1058,9.9,0.53,0.57,2.4,0.093,30.0,52.0,0.9971,3.19,0.76,11.6,7,qualidade alta
1059,8.9,0.48,0.53,4.0,0.1009999999999999,3.0,10.0,0.99586,3.21,0.59,12.1,7,qualidade alta
1060,11.6,0.23,0.57,1.8,0.074,3.0,8.0,0.9981,3.14,0.7,9.9,6,qualidade media/baixa
1061,9.1,0.4,0.5,1.8,0.071,7.0,16.0,0.99462,3.21,0.69,12.5,8,qualidade alta
1062,8.0,0.38,0.44,1.9,0.098,6.0,15.0,0.9956,3.3,0.64,11.4,6,qualidade media/baixa
1063,10.2,0.29,0.65,2.4,0.075,6.0,17.0,0.99565,3.22,0.63,11.8,6,qualidade media/baixa
1064,8.2,0.74,0.09,2.0,0.067,5.0,10.0,0.99418,3.28,0.57,11.8,6,qualidade media/baixa
1065,7.7,0.61,0.18,2.4,0.083,6.0,20.0,0.9963,3.29,0.6,10.2,6,qualidade media/baixa
1066,6.6,0.52,0.08,2.4,0.07,13.0,26.0,0.99358,3.4,0.72,12.5,7,qualidade alta
1067,11.1,0.31,0.53,2.2,0.06,3.0,10.0,0.99572,3.02,0.83,10.9,7,qualidade alta
1069,8.0,0.62,0.35,2.8,0.086,28.0,52.0,0.997,3.31,0.62,10.8,5,qualidade media/baixa
1070,9.3,0.33,0.45,1.5,0.057,19.0,37.0,0.99498,3.18,0.89,11.1,7,qualidade alta
1071,7.5,0.77,0.2,8.1,0.098,30.0,92.0,0.99892,3.2,0.58,9.2,5,qualidade media/baixa
1073,8.0,0.62,0.33,2.7,0.088,16.0,37.0,0.9972,3.31,0.58,10.7,6,qualidade media/baixa
1076,9.9,0.32,0.56,2.0,0.073,3.0,8.0,0.99534,3.15,0.73,11.4,6,qualidade media/baixa
1078,8.6,0.37,0.65,6.4,0.08,3.0,8.0,0.99817,3.27,0.58,11.0,5,qualidade media/baixa
1079,7.9,0.3,0.68,8.3,0.05,37.5,278.0,0.99316,3.01,0.51,12.3,7,qualidade alta
1081,7.9,0.3,0.68,8.3,0.05,37.5,289.0,0.99316,3.01,0.51,12.3,7,qualidade alta
1082,7.2,0.38,0.3,1.8,0.073,31.0,70.0,0.99685,3.42,0.59,9.5,6,qualidade media/baixa
1083,8.7,0.42,0.45,2.4,0.072,32.0,59.0,0.99617,3.33,0.77,12.0,6,qualidade media/baixa
1085,6.8,0.48,0.08,1.8,0.074,40.0,64.0,0.99529,3.12,0.49,9.6,5,qualidade media/baixa
1086,8.5,0.34,0.4,4.7,0.055,3.0,9.0,0.99738,3.38,0.66,11.6,7,qualidade alta
1087,7.9,0.19,0.42,1.6,0.057,18.0,30.0,0.994,3.29,0.69,11.2,6,qualidade media/baixa
1088,11.6,0.41,0.54,1.5,0.095,22.0,41.0,0.99735,3.02,0.76,9.9,7,qualidade alta
1089,11.6,0.41,0.54,1.5,0.095,22.0,41.0,0.99735,3.02,0.76,9.9,7,qualidade alta
1090,10.0,0.26,0.54,1.9,0.083,42.0,74.0,0.99451,2.98,0.63,11.8,8,qualidade alta
1091,7.9,0.34,0.42,2.0,0.086,8.0,19.0,0.99546,3.35,0.6,11.4,6,qualidade media/baixa
1092,7.0,0.54,0.09,2.0,0.081,10.0,16.0,0.99479,3.43,0.59,11.5,6,qualidade media/baixa
1093,9.2,0.31,0.36,2.2,0.079,11.0,31.0,0.99615,3.33,0.86,12.0,7,qualidade alta
1094,6.6,0.725,0.09,5.5,0.1169999999999999,9.0,17.0,0.99655,3.35,0.49,10.8,6,qualidade media/baixa
1096,6.6,0.725,0.09,5.5,0.1169999999999999,9.0,17.0,0.99655,3.35,0.49,10.8,6,qualidade media/baixa
1099,8.6,0.52,0.38,1.5,0.096,5.0,18.0,0.99666,3.2,0.52,9.4,5,qualidade media/baixa
1100,8.4,0.34,0.42,2.1,0.072,23.0,36.0,0.99392,3.11,0.78,12.4,6,qualidade media/baixa
1101,7.4,0.49,0.27,2.1,0.071,14.0,25.0,0.99388,3.35,0.63,12.0,6,qualidade media/baixa
1103,7.4,0.49,0.27,2.1,0.071,14.0,25.0,0.99388,3.35,0.63,12.0,6,qualidade media/baixa
1104,8.0,0.48,0.34,2.2,0.073,16.0,25.0,0.9936,3.28,0.66,12.4,6,qualidade media/baixa
1105,6.3,0.57,0.28,2.1,0.048,13.0,49.0,0.99374,3.41,0.6,12.8,5,qualidade media/baixa
1107,9.1,0.3,0.41,2.0,0.068,10.0,24.0,0.99523,3.27,0.85,11.7,7,qualidade alta
1108,8.1,0.78,0.1,3.3,0.09,4.0,13.0,0.99855,3.36,0.49,9.5,5,qualidade media/baixa
1109,10.8,0.47,0.43,2.1,0.171,27.0,66.0,0.9982,3.17,0.76,10.8,6,qualidade media/baixa
1110,8.3,0.53,0.0,1.4,0.07,6.0,14.0,0.99593,3.25,0.64,10.0,6,qualidade media/baixa
1111,5.4,0.42,0.27,2.0,0.092,23.0,55.0,0.99471,3.78,0.64,12.3,7,qualidade alta
1112,7.9,0.33,0.41,1.5,0.0559999999999999,6.0,35.0,0.99396,3.29,0.71,11.0,6,qualidade media/baixa
1114,5.0,0.4,0.5,4.3,0.046,29.0,80.0,0.9902,3.49,0.66,13.6,6,qualidade media/baixa
1115,7.0,0.69,0.07,2.5,0.091,15.0,21.0,0.99572,3.38,0.6,11.3,6,qualidade media/baixa
1116,7.0,0.69,0.07,2.5,0.091,15.0,21.0,0.99572,3.38,0.6,11.3,6,qualidade media/baixa
1117,7.0,0.69,0.07,2.5,0.091,15.0,21.0,0.99572,3.38,0.6,11.3,6,qualidade media/baixa
1118,7.1,0.39,0.12,2.1,0.065,14.0,24.0,0.99252,3.3,0.53,13.3,6,qualidade media/baixa
1119,5.6,0.66,0.0,2.5,0.066,7.0,15.0,0.99256,3.52,0.58,12.9,5,qualidade media/baixa
1120,7.9,0.54,0.34,2.5,0.076,8.0,17.0,0.99235,3.2,0.72,13.1,8,qualidade alta
1122,6.3,0.47,0.0,1.4,0.055,27.0,33.0,0.9922,3.45,0.48,12.3,6,qualidade media/baixa
1125,8.8,0.24,0.35,1.7,0.055,13.0,27.0,0.99394,3.14,0.59,11.3,7,qualidade alta
1127,6.3,0.76,0.0,2.9,0.072,26.0,52.0,0.99379,3.51,0.6,11.5,6,qualidade media/baixa
1128,10.0,0.43,0.33,2.7,0.095,28.0,89.0,0.9984,3.22,0.68,10.0,5,qualidade media/baixa
1130,9.1,0.6,0.0,1.9,0.0579999999999999,5.0,10.0,0.9977,3.18,0.63,10.4,6,qualidade media/baixa
1132,7.4,0.36,0.34,1.8,0.075,18.0,38.0,0.9933,3.38,0.88,13.6,7,qualidade alta
1133,7.2,0.48,0.07,5.5,0.089,10.0,18.0,0.99684,3.37,0.68,11.2,7,qualidade alta
1134,8.5,0.28,0.35,1.7,0.061,6.0,15.0,0.99524,3.3,0.74,11.8,7,qualidade alta
1135,8.0,0.25,0.43,1.7,0.067,22.0,50.0,0.9946,3.38,0.6,11.9,6,qualidade media/baixa
1136,10.4,0.52,0.45,2.0,0.08,6.0,13.0,0.99774,3.22,0.76,11.4,6,qualidade media/baixa
1138,7.5,0.41,0.15,3.7,0.104,29.0,94.0,0.99786,3.14,0.58,9.1,5,qualidade media/baixa
1139,8.2,0.51,0.24,2.0,0.079,16.0,86.0,0.99764,3.34,0.64,9.5,6,qualidade media/baixa
1140,7.3,0.4,0.3,1.7,0.08,33.0,79.0,0.9969,3.41,0.65,9.5,6,qualidade media/baixa
1141,8.2,0.38,0.32,2.5,0.08,24.0,71.0,0.99624,3.27,0.85,11.0,6,qualidade media/baixa
1142,6.9,0.45,0.11,2.4,0.043,6.0,12.0,0.99354,3.3,0.65,11.4,6,qualidade media/baixa
1143,7.0,0.22,0.3,1.8,0.065,16.0,20.0,0.99672,3.61,0.82,10.0,6,qualidade media/baixa
1144,7.3,0.32,0.23,2.3,0.066,35.0,70.0,0.99588,3.43,0.62,10.1,5,qualidade media/baixa
1145,8.2,0.2,0.43,2.5,0.076,31.0,51.0,0.99672,3.53,0.81,10.4,6,qualidade media/baixa
1146,7.8,0.5,0.12,1.8,0.178,6.0,21.0,0.996,3.28,0.87,9.8,6,qualidade media/baixa
1147,10.0,0.41,0.45,6.2,0.071,6.0,14.0,0.99702,3.21,0.49,11.8,7,qualidade alta
1148,7.8,0.39,0.42,2.0,0.086,9.0,21.0,0.99526,3.39,0.66,11.6,6,qualidade media/baixa
1149,10.0,0.35,0.47,2.0,0.061,6.0,11.0,0.99585,3.23,0.52,12.0,6,qualidade media/baixa
1151,6.1,0.58,0.23,2.5,0.044,16.0,70.0,0.99352,3.46,0.65,12.5,6,qualidade media/baixa
1152,8.3,0.6,0.25,2.2,0.118,9.0,38.0,0.99616,3.15,0.53,9.8,5,qualidade media/baixa
1153,9.6,0.42,0.35,2.1,0.083,17.0,38.0,0.99622,3.23,0.66,11.1,6,qualidade media/baixa
1155,8.3,0.6,0.25,2.2,0.118,9.0,38.0,0.99616,3.15,0.53,9.8,5,qualidade media/baixa
1156,8.5,0.18,0.51,1.75,0.071,45.0,88.0,0.99524,3.33,0.76,11.8,7,qualidade alta
1157,5.1,0.51,0.18,2.1,0.042,16.0,101.0,0.9924,3.46,0.87,12.9,7,qualidade alta
1162,8.5,0.32,0.42,2.3,0.075,12.0,19.0,0.99434,3.14,0.71,11.8,7,qualidade alta
1164,9.0,0.785,0.24,1.7,0.078,10.0,21.0,0.99692,3.29,0.67,10.0,5,qualidade media/baixa
1167,8.2,0.33,0.39,2.5,0.074,29.0,48.0,0.99528,3.32,0.88,12.4,7,qualidade alta
1168,6.5,0.34,0.27,2.8,0.067,8.0,44.0,0.99384,3.21,0.56,12.0,6,qualidade media/baixa
1169,7.6,0.5,0.29,2.3,0.086,5.0,14.0,0.99502,3.32,0.62,11.5,6,qualidade media/baixa
1170,9.2,0.36,0.34,1.6,0.062,5.0,12.0,0.99667,3.2,0.67,10.5,6,qualidade media/baixa
1172,9.7,0.42,0.46,2.1,0.074,5.0,16.0,0.99649,3.27,0.74,12.3,6,qualidade media/baixa
1173,7.6,0.36,0.31,1.7,0.079,26.0,65.0,0.99716,3.46,0.62,9.5,6,qualidade media/baixa
1174,7.6,0.36,0.31,1.7,0.079,26.0,65.0,0.99716,3.46,0.62,9.5,6,qualidade media/baixa
1175,6.5,0.61,0.0,2.2,0.095,48.0,59.0,0.99541,3.61,0.7,11.5,6,qualidade media/baixa
1176,6.5,0.88,0.03,5.6,0.079,23.0,47.0,0.99572,3.58,0.5,11.2,4,qualidade media/baixa
1178,5.6,0.915,0.0,2.1,0.0409999999999999,17.0,78.0,0.99346,3.68,0.73,11.4,5,qualidade media/baixa
1179,8.2,0.35,0.33,2.4,0.076,11.0,47.0,0.99599,3.27,0.81,11.0,6,qualidade media/baixa
1181,9.8,0.39,0.43,1.65,0.068,5.0,11.0,0.99478,3.19,0.46,11.4,5,qualidade media/baixa
1183,6.8,0.66,0.07,1.6,0.07,16.0,61.0,0.99572,3.29,0.6,9.3,5,qualidade media/baixa
1184,6.7,0.64,0.23,2.1,0.08,11.0,119.0,0.99538,3.36,0.7,10.9,5,qualidade media/baixa
1188,6.7,0.64,0.23,2.1,0.08,11.0,119.0,0.99538,3.36,0.7,10.9,5,qualidade media/baixa
1189,8.8,0.955,0.05,1.8,0.075,5.0,19.0,0.99616,3.3,0.44,9.6,4,qualidade media/baixa
1190,9.1,0.4,0.57,4.6,0.08,6.0,20.0,0.99652,3.28,0.57,12.5,6,qualidade media/baixa
1191,6.5,0.885,0.0,2.3,0.166,6.0,12.0,0.99551,3.56,0.51,10.8,5,qualidade media/baixa
1192,7.2,0.25,0.37,2.5,0.063,11.0,41.0,0.99439,3.52,0.8,12.4,7,qualidade alta
1194,7.0,0.745,0.12,1.8,0.114,15.0,64.0,0.99588,3.22,0.59,9.5,6,qualidade media/baixa
1195,6.2,0.43,0.22,1.8,0.078,21.0,56.0,0.99633,3.52,0.6,9.5,6,qualidade media/baixa
1197,7.7,0.57,0.21,1.5,0.069,4.0,9.0,0.99458,3.16,0.54,9.8,6,qualidade media/baixa
1198,7.7,0.26,0.26,2.0,0.052,19.0,77.0,0.9951,3.15,0.79,10.9,6,qualidade media/baixa
1199,7.9,0.58,0.23,2.3,0.076,23.0,94.0,0.99686,3.21,0.58,9.5,6,qualidade media/baixa
1200,7.7,0.57,0.21,1.5,0.069,4.0,9.0,0.99458,3.16,0.54,9.8,6,qualidade media/baixa
1201,7.9,0.34,0.36,1.9,0.065,5.0,10.0,0.99419,3.27,0.54,11.2,7,qualidade alta
1202,8.6,0.42,0.39,1.8,0.068,6.0,12.0,0.99516,3.35,0.69,11.7,8,qualidade alta
1203,9.9,0.74,0.19,5.8,0.111,33.0,76.0,0.99878,3.14,0.55,9.4,5,qualidade media/baixa
1204,7.2,0.36,0.46,2.1,0.074,24.0,44.0,0.99534,3.4,0.85,11.0,7,qualidade alta
1206,7.2,0.36,0.46,2.1,0.074,24.0,44.0,0.99534,3.4,0.85,11.0,7,qualidade alta
1207,9.9,0.72,0.55,1.7,0.136,24.0,52.0,0.99752,3.35,0.94,10.0,5,qualidade media/baixa
1208,7.2,0.36,0.46,2.1,0.074,24.0,44.0,0.99534,3.4,0.85,11.0,7,qualidade alta
1209,6.2,0.39,0.43,2.0,0.071,14.0,24.0,0.99428,3.45,0.87,11.2,7,qualidade alta
1210,6.8,0.65,0.02,2.1,0.078,8.0,15.0,0.99498,3.35,0.62,10.4,6,qualidade media/baixa
1212,6.8,0.65,0.02,2.1,0.078,8.0,15.0,0.99498,3.35,0.62,10.4,6,qualidade media/baixa
1214,10.2,0.33,0.46,1.9,0.081,6.0,9.0,0.99628,3.1,0.48,10.4,6,qualidade media/baixa
1216,7.9,0.57,0.31,2.0,0.079,10.0,79.0,0.99677,3.29,0.69,9.5,6,qualidade media/baixa
1219,9.0,0.39,0.4,1.3,0.044,25.0,50.0,0.99478,3.2,0.83,10.9,6,qualidade media/baixa
1220,10.9,0.32,0.52,1.8,0.132,17.0,44.0,0.99734,3.28,0.77,11.5,6,qualidade media/baixa
1221,10.9,0.32,0.52,1.8,0.132,17.0,44.0,0.99734,3.28,0.77,11.5,6,qualidade media/baixa
1224,12.6,0.39,0.49,2.5,0.08,8.0,20.0,0.9992,3.07,0.82,10.3,6,qualidade media/baixa
1225,9.2,0.46,0.23,2.6,0.091,18.0,77.0,0.99922,3.15,0.51,9.4,5,qualidade media/baixa
1226,7.5,0.58,0.03,4.1,0.08,27.0,46.0,0.99592,3.02,0.47,9.2,5,qualidade media/baixa
1227,9.0,0.58,0.25,2.0,0.104,8.0,21.0,0.99769,3.27,0.72,9.6,5,qualidade media/baixa
1228,5.1,0.42,0.0,1.8,0.044,18.0,88.0,0.99157,3.68,0.73,13.6,7,qualidade alta
1229,7.6,0.43,0.29,2.1,0.075,19.0,66.0,0.99718,3.4,0.64,9.5,5,qualidade media/baixa
1230,7.7,0.18,0.34,2.7,0.066,15.0,58.0,0.9947,3.37,0.78,11.8,6,qualidade media/baixa
1231,7.8,0.815,0.01,2.6,0.074,48.0,90.0,0.99621,3.38,0.62,10.8,5,qualidade media/baixa
1232,7.6,0.43,0.29,2.1,0.075,19.0,66.0,0.99718,3.4,0.64,9.5,5,qualidade media/baixa
1234,7.1,0.75,0.01,2.2,0.059,11.0,18.0,0.99242,3.39,0.4,12.8,6,qualidade media/baixa
1236,7.8,0.55,0.0,1.7,0.07,7.0,17.0,0.99659,3.26,0.64,9.4,6,qualidade media/baixa
1237,7.1,0.75,0.01,2.2,0.059,11.0,18.0,0.99242,3.39,0.4,12.8,6,qualidade media/baixa
1238,8.1,0.73,0.0,2.5,0.081,12.0,24.0,0.99798,3.38,0.46,9.6,4,qualidade media/baixa
1239,6.5,0.67,0.0,4.3,0.057,11.0,20.0,0.99488,3.45,0.56,11.8,4,qualidade media/baixa
1240,7.5,0.61,0.2,1.7,0.076,36.0,60.0,0.99494,3.1,0.4,9.3,5,qualidade media/baixa
1243,8.3,0.56,0.22,2.4,0.0819999999999999,10.0,86.0,0.9983,3.37,0.62,9.5,5,qualidade media/baixa
1245,7.4,0.55,0.19,1.8,0.0819999999999999,15.0,34.0,0.99655,3.49,0.68,10.5,5,qualidade media/baixa
1246,7.4,0.74,0.07,1.7,0.086,15.0,48.0,0.99502,3.12,0.48,10.0,5,qualidade media/baixa
1250,7.1,0.6,0.01,2.3,0.079,24.0,37.0,0.99514,3.4,0.61,10.9,6,qualidade media/baixa
1251,7.5,0.58,0.14,2.2,0.077,27.0,60.0,0.9963,3.28,0.59,9.8,5,qualidade media/baixa
1252,7.1,0.72,0.0,1.8,0.123,6.0,14.0,0.99627,3.45,0.58,9.8,5,qualidade media/baixa
1253,7.9,0.66,0.0,1.4,0.096,6.0,13.0,0.99569,3.43,0.58,9.5,5,qualidade media/baixa
1254,7.8,0.7,0.06,1.9,0.079,20.0,35.0,0.99628,3.4,0.69,10.9,5,qualidade media/baixa
1256,7.5,0.59,0.22,1.8,0.0819999999999999,43.0,60.0,0.99499,3.1,0.42,9.2,5,qualidade media/baixa
1257,7.0,0.58,0.28,4.8,0.085,12.0,69.0,0.99633,3.32,0.7,11.0,6,qualidade media/baixa
1258,6.8,0.64,0.0,2.7,0.123,15.0,33.0,0.99538,3.44,0.63,11.3,6,qualidade media/baixa
1260,8.6,0.635,0.68,1.8,0.4029999999999999,19.0,56.0,0.99632,3.02,1.15,9.3,5,qualidade media/baixa
1261,6.3,1.02,0.0,2.0,0.083,17.0,24.0,0.99437,3.59,0.55,11.2,4,qualidade media/baixa
1262,9.8,0.45,0.38,2.5,0.081,34.0,66.0,0.99726,3.15,0.58,9.8,5,qualidade media/baixa
1264,8.5,0.37,0.32,1.8,0.066,26.0,51.0,0.99456,3.38,0.72,11.8,6,qualidade media/baixa
1265,7.2,0.57,0.05,2.3,0.081,16.0,36.0,0.99564,3.38,0.6,10.3,6,qualidade media/baixa
1266,7.2,0.57,0.05,2.3,0.081,16.0,36.0,0.99564,3.38,0.6,10.3,6,qualidade media/baixa
1267,10.4,0.43,0.5,2.3,0.068,13.0,19.0,0.996,3.1,0.87,11.4,6,qualidade media/baixa
1268,6.9,0.41,0.31,2.0,0.079,21.0,51.0,0.99668,3.47,0.55,9.5,6,qualidade media/baixa
1270,5.0,0.38,0.01,1.6,0.048,26.0,60.0,0.99084,3.7,0.75,14.0,6,qualidade media/baixa
1271,7.3,0.44,0.2,1.6,0.049,24.0,64.0,0.9935,3.38,0.57,11.7,6,qualidade media/baixa
1272,5.9,0.46,0.0,1.9,0.077,25.0,44.0,0.99385,3.5,0.53,11.2,5,qualidade media/baixa
1273,7.5,0.58,0.2,2.0,0.073,34.0,44.0,0.99494,3.1,0.43,9.3,5,qualidade media/baixa
1274,7.8,0.58,0.13,2.1,0.102,17.0,36.0,0.9944,3.24,0.53,11.2,6,qualidade media/baixa
1275,8.0,0.715,0.22,2.3,0.075,13.0,81.0,0.99688,3.24,0.54,9.5,6,qualidade media/baixa
1276,8.5,0.4,0.4,6.3,0.05,3.0,10.0,0.99566,3.28,0.56,12.0,4,qualidade media/baixa
1277,7.0,0.69,0.0,1.9,0.114,3.0,10.0,0.99636,3.35,0.6,9.7,6,qualidade media/baixa
1278,8.0,0.715,0.22,2.3,0.075,13.0,81.0,0.99688,3.24,0.54,9.5,6,qualidade media/baixa
1279,9.8,0.3,0.39,1.7,0.062,3.0,9.0,0.9948,3.14,0.57,11.5,7,qualidade alta
1280,7.1,0.46,0.2,1.9,0.077,28.0,54.0,0.9956,3.37,0.64,10.4,6,qualidade media/baixa
1281,7.1,0.46,0.2,1.9,0.077,28.0,54.0,0.9956,3.37,0.64,10.4,6,qualidade media/baixa
1282,7.9,0.765,0.0,2.0,0.084,9.0,22.0,0.99619,3.33,0.68,10.9,6,qualidade media/baixa
1283,8.7,0.63,0.28,2.7,0.096,17.0,69.0,0.99734,3.26,0.63,10.2,6,qualidade media/baixa
1284,7.0,0.42,0.19,2.3,0.071,18.0,36.0,0.99476,3.39,0.56,10.9,5,qualidade media/baixa
1285,11.3,0.37,0.5,1.8,0.09,20.0,47.0,0.99734,3.15,0.57,10.5,5,qualidade media/baixa
1288,7.0,0.6,0.3,4.5,0.068,20.0,110.0,0.99914,3.3,1.17,10.2,5,qualidade media/baixa
1289,7.0,0.6,0.3,4.5,0.068,20.0,110.0,0.99914,3.3,1.17,10.2,5,qualidade media/baixa
1290,7.6,0.74,0.0,1.9,0.1,6.0,12.0,0.99521,3.36,0.59,11.0,5,qualidade media/baixa
1291,8.2,0.635,0.1,2.1,0.073,25.0,60.0,0.99638,3.29,0.75,10.9,6,qualidade media/baixa
1292,5.9,0.395,0.13,2.4,0.0559999999999999,14.0,28.0,0.99362,3.62,0.67,12.4,6,qualidade media/baixa
1296,6.6,0.63,0.0,4.3,0.093,51.0,77.5,0.99558,3.2,0.45,9.5,5,qualidade media/baixa
1297,7.2,0.53,0.14,2.1,0.064,15.0,29.0,0.99323,3.35,0.61,12.1,6,qualidade media/baixa
1298,5.7,0.6,0.0,1.4,0.063,11.0,18.0,0.99191,3.45,0.56,12.2,6,qualidade media/baixa
1299,7.6,1.58,0.0,2.1,0.1369999999999999,5.0,9.0,0.99476,3.5,0.4,10.9,3,qualidade media/baixa
1300,5.2,0.645,0.0,2.15,0.08,15.0,28.0,0.99444,3.78,0.61,12.5,6,qualidade media/baixa
1301,6.7,0.86,0.07,2.0,0.1,20.0,57.0,0.99598,3.6,0.74,11.7,6,qualidade media/baixa
1302,9.1,0.37,0.32,2.1,0.064,4.0,15.0,0.99576,3.3,0.8,11.2,6,qualidade media/baixa
1304,7.6,0.79,0.21,2.3,0.087,21.0,68.0,0.9955,3.12,0.44,9.2,5,qualidade media/baixa
1305,7.5,0.61,0.26,1.9,0.073,24.0,88.0,0.99612,3.3,0.53,9.8,5,qualidade media/baixa
1306,9.7,0.69,0.32,2.5,0.088,22.0,91.0,0.9979,3.29,0.62,10.1,5,qualidade media/baixa
1309,7.0,0.62,0.1,1.4,0.071,27.0,63.0,0.996,3.28,0.61,9.2,5,qualidade media/baixa
1311,6.5,0.51,0.15,3.0,0.064,12.0,27.0,0.9929,3.33,0.59,12.8,6,qualidade media/baixa
1312,8.0,1.18,0.21,1.9,0.083,14.0,41.0,0.99532,3.34,0.47,10.5,5,qualidade media/baixa
1315,7.5,0.63,0.27,2.0,0.083,17.0,91.0,0.99616,3.26,0.58,9.8,6,qualidade media/baixa
1316,5.4,0.74,0.0,1.2,0.0409999999999999,16.0,46.0,0.99258,4.01,0.59,12.5,6,qualidade media/baixa
1319,9.1,0.76,0.68,1.7,0.414,18.0,64.0,0.99652,2.9,1.33,9.1,6,qualidade media/baixa
1321,5.0,0.74,0.0,1.2,0.0409999999999999,16.0,46.0,0.99258,4.01,0.59,12.5,6,qualidade media/baixa
1322,9.1,0.34,0.42,1.8,0.0579999999999999,9.0,18.0,0.99392,3.18,0.55,11.4,5,qualidade media/baixa
1324,6.7,0.46,0.24,1.7,0.077,18.0,34.0,0.9948,3.39,0.6,10.6,6,qualidade media/baixa
1325,6.7,0.46,0.24,1.7,0.077,18.0,34.0,0.9948,3.39,0.6,10.6,6,qualidade media/baixa
1326,6.7,0.46,0.24,1.7,0.077,18.0,34.0,0.9948,3.39,0.6,10.6,6,qualidade media/baixa
1327,6.7,0.46,0.24,1.7,0.077,18.0,34.0,0.9948,3.39,0.6,10.6,6,qualidade media/baixa
1328,6.5,0.52,0.11,1.8,0.073,13.0,38.0,0.9955,3.34,0.52,9.3,5,qualidade media/baixa
1329,7.4,0.6,0.26,2.1,0.083,17.0,91.0,0.99616,3.29,0.56,9.8,6,qualidade media/baixa
1330,7.4,0.6,0.26,2.1,0.083,17.0,91.0,0.99616,3.29,0.56,9.8,6,qualidade media/baixa
1331,7.8,0.87,0.26,3.8,0.107,31.0,67.0,0.99668,3.26,0.46,9.2,5,qualidade media/baixa
1332,8.4,0.39,0.1,1.7,0.075,6.0,25.0,0.99581,3.09,0.43,9.7,6,qualidade media/baixa
1333,9.1,0.775,0.22,2.2,0.079,12.0,48.0,0.9976,3.18,0.51,9.6,5,qualidade media/baixa
1334,7.2,0.835,0.0,2.0,0.166,4.0,11.0,0.99608,3.39,0.52,10.0,5,qualidade media/baixa
1335,6.6,0.58,0.02,2.4,0.069,19.0,40.0,0.99387,3.38,0.66,12.6,6,qualidade media/baixa
1336,6.0,0.5,0.0,1.4,0.057,15.0,26.0,0.99448,3.36,0.45,9.5,5,qualidade media/baixa
1337,6.0,0.5,0.0,1.4,0.057,15.0,26.0,0.99448,3.36,0.45,9.5,5,qualidade media/baixa
1338,6.0,0.5,0.0,1.4,0.057,15.0,26.0,0.99448,3.36,0.45,9.5,5,qualidade media/baixa
1339,7.5,0.51,0.02,1.7,0.084,13.0,31.0,0.99538,3.36,0.54,10.5,6,qualidade media/baixa
1340,7.5,0.51,0.02,1.7,0.084,13.0,31.0,0.99538,3.36,0.54,10.5,6,qualidade media/baixa
1341,7.5,0.51,0.02,1.7,0.084,13.0,31.0,0.99538,3.36,0.54,10.5,6,qualidade media/baixa
1343,7.5,0.51,0.02,1.7,0.084,13.0,31.0,0.99538,3.36,0.54,10.5,6,qualidade media/baixa
1344,11.5,0.42,0.48,2.6,0.077,8.0,20.0,0.99852,3.09,0.53,11.0,5,qualidade media/baixa
1345,8.2,0.44,0.24,2.3,0.063,10.0,28.0,0.99613,3.25,0.53,10.2,6,qualidade media/baixa
1346,6.1,0.59,0.01,2.1,0.0559999999999999,5.0,13.0,0.99472,3.52,0.56,11.4,5,qualidade media/baixa
1347,7.2,0.655,0.03,1.8,0.078,7.0,12.0,0.99587,3.34,0.39,9.5,5,qualidade media/baixa
1351,7.2,0.62,0.01,2.3,0.065,8.0,46.0,0.99332,3.32,0.51,11.8,6,qualidade media/baixa
1353,7.6,0.645,0.03,1.9,0.086,14.0,57.0,0.9969,3.37,0.46,10.3,5,qualidade media/baixa
1355,6.1,0.32,0.25,1.8,0.086,5.0,32.0,0.99464,3.36,0.44,10.1,5,qualidade media/baixa
1356,6.1,0.34,0.25,1.8,0.084,4.0,28.0,0.99464,3.36,0.44,10.1,5,qualidade media/baixa
1357,7.3,0.43,0.24,2.5,0.078,27.0,67.0,0.99648,3.6,0.59,11.1,6,qualidade media/baixa
1358,7.4,0.64,0.17,5.4,0.168,52.0,98.0,0.99736,3.28,0.5,9.5,5,qualidade media/baixa
1359,11.6,0.475,0.4,1.4,0.091,6.0,28.0,0.99704,3.07,0.65,10.0333333333333,6,qualidade media/baixa
1361,8.3,0.85,0.14,2.5,0.093,13.0,54.0,0.99724,3.36,0.54,10.1,5,qualidade media/baixa
1362,11.6,0.475,0.4,1.4,0.091,6.0,28.0,0.99704,3.07,0.65,10.0333333333333,6,qualidade media/baixa
1364,7.2,0.605,0.02,1.9,0.096,10.0,31.0,0.995,3.46,0.53,11.8,6,qualidade media/baixa
1366,7.3,0.74,0.08,1.7,0.094,10.0,45.0,0.99576,3.24,0.5,9.8,5,qualidade media/baixa
1367,6.9,0.54,0.3,2.2,0.088,9.0,105.0,0.99725,3.25,1.18,10.5,6,qualidade media/baixa
1368,8.0,0.77,0.32,2.1,0.079,16.0,74.0,0.99656,3.27,0.5,9.8,6,qualidade media/baixa
1370,8.7,0.78,0.51,1.7,0.415,12.0,66.0,0.99623,3.0,1.17,9.2,5,qualidade media/baixa
1371,7.5,0.58,0.56,3.1,0.153,5.0,14.0,0.99476,3.21,1.03,11.6,6,qualidade media/baixa
1372,8.7,0.78,0.51,1.7,0.415,12.0,66.0,0.99623,3.0,1.17,9.2,5,qualidade media/baixa
1376,8.2,0.885,0.2,1.4,0.086,7.0,31.0,0.9946,3.11,0.46,10.0,5,qualidade media/baixa
1378,7.2,0.45,0.15,2.0,0.078,10.0,28.0,0.99609,3.29,0.51,9.9,6,qualidade media/baixa
1379,7.5,0.57,0.02,2.6,0.077,11.0,35.0,0.99557,3.36,0.62,10.8,6,qualidade media/baixa
1380,7.5,0.57,0.02,2.6,0.077,11.0,35.0,0.99557,3.36,0.62,10.8,6,qualidade media/baixa
1382,8.0,0.6,0.22,2.1,0.08,25.0,105.0,0.99613,3.3,0.49,9.9,5,qualidade media/baixa
1383,8.0,0.6,0.22,2.1,0.08,25.0,105.0,0.99613,3.3,0.49,9.9,5,qualidade media/baixa
1384,7.1,0.755,0.15,1.8,0.107,20.0,84.0,0.99593,3.19,0.5,9.5,5,qualidade media/baixa
1385,8.0,0.81,0.25,3.4,0.076,34.0,85.0,0.99668,3.19,0.42,9.2,5,qualidade media/baixa
1386,7.4,0.64,0.07,1.8,0.1,8.0,23.0,0.9961,3.3,0.58,9.6,5,qualidade media/baixa
1388,6.6,0.64,0.31,6.1,0.083,7.0,49.0,0.99718,3.35,0.68,10.3,5,qualidade media/baixa
1390,6.0,0.49,0.0,2.3,0.068,15.0,33.0,0.99292,3.58,0.59,12.5,6,qualidade media/baixa
1391,8.0,0.64,0.22,2.4,0.094,5.0,33.0,0.99612,3.37,0.58,11.0,5,qualidade media/baixa
1392,7.1,0.62,0.06,1.3,0.07,5.0,12.0,0.9942,3.17,0.48,9.8,5,qualidade media/baixa
1393,8.0,0.52,0.25,2.0,0.078,19.0,59.0,0.99612,3.3,0.48,10.2,5,qualidade media/baixa
1395,8.6,0.685,0.1,1.6,0.092,3.0,12.0,0.99745,3.31,0.65,9.55,6,qualidade media/baixa
1396,8.7,0.675,0.1,1.6,0.09,4.0,11.0,0.99745,3.31,0.65,9.55,5,qualidade media/baixa
1397,7.3,0.59,0.26,2.0,0.08,17.0,104.0,0.99584,3.28,0.52,9.9,5,qualidade media/baixa
1399,7.2,0.67,0.0,2.2,0.068,10.0,24.0,0.9956,3.42,0.72,11.1,6,qualidade media/baixa
1400,7.9,0.69,0.21,2.1,0.08,33.0,141.0,0.9962,3.25,0.51,9.9,5,qualidade media/baixa
1402,7.6,0.3,0.42,2.0,0.052,6.0,24.0,0.9963,3.44,0.82,11.9,6,qualidade media/baixa
1403,7.2,0.33,0.33,1.7,0.061,3.0,13.0,0.996,3.23,1.1,10.0,8,qualidade alta
1404,8.0,0.5,0.39,2.6,0.0819999999999999,12.0,46.0,0.9985,3.43,0.62,10.7,6,qualidade media/baixa
1406,8.2,0.24,0.34,5.1,0.062,8.0,22.0,0.9974,3.22,0.94,10.9,6,qualidade media/baixa
1407,6.0,0.51,0.0,2.1,0.064,40.0,54.0,0.995,3.54,0.93,10.7,6,qualidade media/baixa
1408,8.1,0.29,0.36,2.2,0.048,35.0,53.0,0.995,3.27,1.01,12.4,7,qualidade alta
1409,6.0,0.51,0.0,2.1,0.064,40.0,54.0,0.995,3.54,0.93,10.7,6,qualidade media/baixa
1410,6.6,0.96,0.0,1.8,0.0819999999999999,5.0,16.0,0.9936,3.5,0.44,11.9,6,qualidade media/baixa
1411,6.4,0.47,0.4,2.4,0.071,8.0,19.0,0.9963,3.56,0.73,10.6,6,qualidade media/baixa
1412,8.2,0.24,0.34,5.1,0.062,8.0,22.0,0.9974,3.22,0.94,10.9,6,qualidade media/baixa
1413,9.9,0.57,0.25,2.0,0.104,12.0,89.0,0.9963,3.04,0.9,10.1,5,qualidade media/baixa
1414,10.0,0.32,0.59,2.2,0.077,3.0,15.0,0.9994,3.2,0.78,9.6,5,qualidade media/baixa
1415,6.2,0.58,0.0,1.6,0.065,8.0,18.0,0.9966,3.56,0.84,9.4,5,qualidade media/baixa
1416,10.0,0.32,0.59,2.2,0.077,3.0,15.0,0.9994,3.2,0.78,9.6,5,qualidade media/baixa
1417,7.3,0.34,0.33,2.5,0.064,21.0,37.0,0.9952,3.35,0.77,12.1,7,qualidade alta
1418,7.8,0.53,0.01,1.6,0.077,3.0,19.0,0.995,3.16,0.46,9.8,5,qualidade media/baixa
1419,7.7,0.64,0.21,2.2,0.077,32.0,133.0,0.9956,3.27,0.45,9.9,5,qualidade media/baixa
1420,7.8,0.53,0.01,1.6,0.077,3.0,19.0,0.995,3.16,0.46,9.8,5,qualidade media/baixa
1421,7.5,0.4,0.18,1.6,0.079,24.0,58.0,0.9965,3.34,0.58,9.4,5,qualidade media/baixa
1422,7.0,0.54,0.0,2.1,0.079,39.0,55.0,0.9956,3.39,0.84,11.4,6,qualidade media/baixa
1423,6.4,0.53,0.09,3.9,0.123,14.0,31.0,0.9968,3.5,0.67,11.0,4,qualidade media/baixa
1427,7.6,0.41,0.33,2.5,0.078,6.0,23.0,0.9957,3.3,0.58,11.2,5,qualidade media/baixa
1428,7.8,0.64,0.0,1.9,0.072,27.0,55.0,0.9962,3.31,0.63,11.0,5,qualidade media/baixa
1429,7.9,0.18,0.4,2.2,0.049,38.0,67.0,0.996,3.33,0.93,11.3,5,qualidade media/baixa
1430,7.4,0.41,0.24,1.8,0.066,18.0,47.0,0.9956,3.37,0.62,10.4,5,qualidade media/baixa
1431,7.6,0.43,0.31,2.1,0.069,13.0,74.0,0.9958,3.26,0.54,9.9,6,qualidade media/baixa
1433,6.1,0.4,0.16,1.8,0.069,11.0,25.0,0.9955,3.42,0.74,10.1,7,qualidade alta
1434,10.2,0.54,0.37,15.4,0.214,55.0,95.0,1.00369,3.18,0.77,9.0,6,qualidade media/baixa
1436,10.0,0.38,0.38,1.6,0.1689999999999999,27.0,90.0,0.99914,3.15,0.65,8.5,5,qualidade media/baixa
1437,6.8,0.915,0.29,4.8,0.07,15.0,39.0,0.99577,3.53,0.54,11.1,5,qualidade media/baixa
1438,7.0,0.59,0.0,1.7,0.052,3.0,8.0,0.996,3.41,0.47,10.3,5,qualidade media/baixa
1439,7.3,0.67,0.02,2.2,0.072,31.0,92.0,0.99566,3.32,0.68,11.066666666666698,6,qualidade media/baixa
1443,6.9,0.58,0.2,1.75,0.0579999999999999,8.0,22.0,0.99322,3.38,0.49,11.7,5,qualidade media/baixa
1445,7.4,0.785,0.19,5.2,0.094,19.0,98.0,0.99713,3.16,0.52,9.6,6,qualidade media/baixa
1447,6.8,0.67,0.0,1.9,0.08,22.0,39.0,0.99701,3.4,0.74,9.7,5,qualidade media/baixa
1449,7.2,0.38,0.31,2.0,0.0559999999999999,15.0,29.0,0.99472,3.23,0.76,11.3,8,qualidade alta
1450,7.2,0.37,0.32,2.0,0.062,15.0,28.0,0.9947,3.23,0.73,11.3,7,qualidade alta
1451,7.8,0.32,0.44,2.7,0.104,8.0,17.0,0.99732,3.33,0.78,11.0,7,qualidade alta
1452,6.6,0.58,0.02,2.0,0.062,37.0,53.0,0.99374,3.35,0.76,11.6,7,qualidade alta
1454,11.7,0.45,0.63,2.2,0.073,7.0,23.0,0.99974,3.21,0.69,10.9,6,qualidade media/baixa
1455,6.5,0.9,0.0,1.6,0.052,9.0,17.0,0.99467,3.5,0.63,10.9,6,qualidade media/baixa
1457,7.6,0.49,0.33,1.9,0.074,27.0,85.0,0.99706,3.41,0.58,9.0,5,qualidade media/baixa
1458,8.4,0.29,0.4,1.7,0.067,8.0,20.0,0.99603,3.39,0.6,10.5,5,qualidade media/baixa
1459,7.9,0.2,0.35,1.7,0.054,7.0,15.0,0.99458,3.32,0.8,11.9,7,qualidade alta
1460,6.4,0.42,0.09,2.3,0.054,34.0,64.0,0.99724,3.41,0.68,10.4,6,qualidade media/baixa
1461,6.2,0.785,0.0,2.1,0.06,6.0,13.0,0.99664,3.59,0.61,10.0,4,qualidade media/baixa
1463,6.9,0.63,0.01,2.4,0.076,14.0,39.0,0.99522,3.34,0.53,10.8,6,qualidade media/baixa
1464,6.8,0.59,0.1,1.7,0.063,34.0,53.0,0.9958,3.41,0.67,9.7,5,qualidade media/baixa
1466,7.3,0.48,0.32,2.1,0.062,31.0,54.0,0.99728,3.3,0.65,10.0,7,qualidade alta
1467,6.7,1.04,0.08,2.3,0.067,19.0,32.0,0.99648,3.52,0.57,11.0,4,qualidade media/baixa
1468,7.3,0.48,0.32,2.1,0.062,31.0,54.0,0.99728,3.3,0.65,10.0,7,qualidade alta
1469,7.3,0.98,0.05,2.1,0.061,20.0,49.0,0.99705,3.31,0.55,9.7,3,qualidade media/baixa
1470,10.0,0.69,0.11,1.4,0.084,8.0,24.0,0.99578,2.88,0.47,9.7,5,qualidade media/baixa
1471,6.7,0.7,0.08,3.75,0.067,8.0,16.0,0.99334,3.43,0.52,12.6,5,qualidade media/baixa
1472,7.6,0.35,0.6,2.6,0.073,23.0,44.0,0.99656,3.38,0.79,11.1,6,qualidade media/baixa
1473,6.1,0.6,0.08,1.8,0.071,14.0,45.0,0.99336,3.38,0.54,11.0,5,qualidade media/baixa
1474,9.9,0.5,0.5,13.8,0.205,48.0,82.0,1.00242,3.16,0.75,8.8,5,qualidade media/baixa
1475,5.3,0.47,0.11,2.2,0.048,16.0,89.0,0.99182,3.54,0.88,13.566666666666698,7,qualidade alta
1476,9.9,0.5,0.5,13.8,0.205,48.0,82.0,1.00242,3.16,0.75,8.8,5,qualidade media/baixa
1477,5.3,0.47,0.11,2.2,0.048,16.0,89.0,0.99182,3.54,0.88,13.6,7,qualidade alta
1478,7.1,0.875,0.05,5.7,0.0819999999999999,3.0,14.0,0.99808,3.4,0.52,10.2,3,qualidade media/baixa
1479,8.2,0.28,0.6,3.0,0.104,10.0,22.0,0.99828,3.39,0.68,10.6,5,qualidade media/baixa
1480,5.6,0.62,0.03,1.5,0.08,6.0,13.0,0.99498,3.66,0.62,10.1,4,qualidade media/baixa
1481,8.2,0.28,0.6,3.0,0.104,10.0,22.0,0.99828,3.39,0.68,10.6,5,qualidade media/baixa
1483,8.1,0.33,0.44,1.5,0.042,6.0,12.0,0.99542,3.35,0.61,10.7,5,qualidade media/baixa
1485,7.0,0.655,0.16,2.1,0.074,8.0,25.0,0.99606,3.37,0.55,9.7,5,qualidade media/baixa
1486,6.8,0.68,0.21,2.1,0.07,9.0,23.0,0.99546,3.38,0.6,10.3,5,qualidade media/baixa
1487,6.0,0.64,0.05,1.9,0.066,9.0,17.0,0.99496,3.52,0.78,10.6,5,qualidade media/baixa
1488,5.6,0.54,0.04,1.7,0.049,5.0,13.0,0.9942,3.72,0.58,11.4,5,qualidade media/baixa
1490,7.1,0.22,0.49,1.8,0.039,8.0,18.0,0.99344,3.39,0.56,12.4,6,qualidade media/baixa
1492,6.2,0.65,0.06,1.6,0.05,6.0,18.0,0.99348,3.57,0.54,11.95,5,qualidade media/baixa
1493,7.7,0.54,0.26,1.9,0.089,23.0,147.0,0.99636,3.26,0.59,9.7,5,qualidade media/baixa
1494,6.4,0.31,0.09,1.4,0.066,15.0,28.0,0.99459,3.42,0.7,10.0,7,qualidade alta
1495,7.0,0.43,0.02,1.9,0.08,15.0,28.0,0.99492,3.35,0.81,10.6,6,qualidade media/baixa
1497,6.9,0.74,0.03,2.3,0.054,7.0,16.0,0.99508,3.45,0.63,11.5,6,qualidade media/baixa
1499,6.9,0.74,0.03,2.3,0.054,7.0,16.0,0.99508,3.45,0.63,11.5,6,qualidade media/baixa
1501,7.8,0.82,0.29,4.3,0.083,21.0,64.0,0.99642,3.16,0.53,9.4,5,qualidade media/baixa
1503,6.2,0.44,0.39,2.5,0.077,6.0,14.0,0.99555,3.51,0.69,11.0,6,qualidade media/baixa
1504,7.5,0.38,0.57,2.3,0.106,5.0,12.0,0.99605,3.36,0.55,11.4,6,qualidade media/baixa
1505,6.7,0.76,0.02,1.8,0.078,6.0,12.0,0.996,3.55,0.63,9.95,3,qualidade media/baixa
1506,6.8,0.81,0.05,2.0,0.07,6.0,14.0,0.99562,3.51,0.66,10.8,6,qualidade media/baixa
1507,7.5,0.38,0.57,2.3,0.106,5.0,12.0,0.99605,3.36,0.55,11.4,6,qualidade media/baixa
1508,7.1,0.27,0.6,2.1,0.074,17.0,25.0,0.99814,3.38,0.72,10.6,6,qualidade media/baixa
1509,7.9,0.18,0.4,1.8,0.062,7.0,20.0,0.9941,3.28,0.7,11.1,5,qualidade media/baixa
1510,6.4,0.36,0.21,2.2,0.047,26.0,48.0,0.99661,3.47,0.77,9.7,6,qualidade media/baixa
1511,7.1,0.69,0.04,2.1,0.068,19.0,27.0,0.99712,3.44,0.67,9.8,5,qualidade media/baixa
1514,6.9,0.84,0.21,4.1,0.074,16.0,65.0,0.99842,3.53,0.72,9.23333333333333,6,qualidade media/baixa
1515,6.9,0.84,0.21,4.1,0.074,16.0,65.0,0.99842,3.53,0.72,9.25,6,qualidade media/baixa
1517,6.5,0.53,0.06,2.0,0.063,29.0,44.0,0.99489,3.38,0.83,10.3,6,qualidade media/baixa
1518,7.4,0.47,0.46,2.2,0.114,7.0,20.0,0.99647,3.32,0.63,10.5,5,qualidade media/baixa
1519,6.6,0.7,0.08,2.6,0.106,14.0,27.0,0.99665,3.44,0.58,10.2,5,qualidade media/baixa
1522,6.1,0.32,0.25,2.3,0.071,23.0,58.0,0.99633,3.42,0.97,10.6,5,qualidade media/baixa
1523,6.8,0.48,0.25,2.0,0.076,29.0,61.0,0.9953,3.34,0.6,10.4,5,qualidade media/baixa
1525,6.7,0.48,0.08,2.1,0.064,18.0,34.0,0.99552,3.33,0.64,9.7,5,qualidade media/baixa
1526,6.8,0.47,0.08,2.2,0.064,18.0,38.0,0.99553,3.3,0.65,9.6,6,qualidade media/baixa
1528,7.9,0.29,0.49,2.2,0.096,21.0,59.0,0.99714,3.31,0.67,10.1,6,qualidade media/baixa
1529,7.1,0.69,0.08,2.1,0.063,42.0,52.0,0.99608,3.42,0.6,10.2,6,qualidade media/baixa
1530,6.6,0.44,0.09,2.2,0.063,9.0,18.0,0.99444,3.42,0.69,11.3,6,qualidade media/baixa
1531,6.1,0.705,0.1,2.8,0.081,13.0,28.0,0.99631,3.6,0.66,10.2,5,qualidade media/baixa
1532,7.2,0.53,0.13,2.0,0.0579999999999999,18.0,22.0,0.99573,3.21,0.68,9.9,6,qualidade media/baixa
1533,8.0,0.39,0.3,1.9,0.074,32.0,84.0,0.99717,3.39,0.61,9.0,5,qualidade media/baixa
1534,6.6,0.56,0.14,2.4,0.064,13.0,29.0,0.99397,3.42,0.62,11.7,7,qualidade alta
1535,7.0,0.55,0.13,2.2,0.075,15.0,35.0,0.9959,3.36,0.59,9.7,6,qualidade media/baixa
1538,6.2,0.64,0.09,2.5,0.081,15.0,26.0,0.99538,3.57,0.63,12.0,5,qualidade media/baixa
1540,6.2,0.52,0.08,4.4,0.071,11.0,32.0,0.99646,3.56,0.63,11.6,6,qualidade media/baixa
1544,8.4,0.37,0.43,2.3,0.063,12.0,19.0,0.9955,3.17,0.81,11.2,7,qualidade alta
1545,6.5,0.63,0.33,1.8,0.059,16.0,28.0,0.99531,3.36,0.64,10.1,6,qualidade media/baixa
1546,7.0,0.57,0.02,2.0,0.072,17.0,26.0,0.99575,3.36,0.61,10.2,5,qualidade media/baixa
1548,11.2,0.4,0.5,2.0,0.099,19.0,50.0,0.99783,3.1,0.58,10.4,5,qualidade media/baixa
1549,7.4,0.36,0.3,1.8,0.074,17.0,24.0,0.99419,3.24,0.7,11.4,8,qualidade alta
1551,7.1,0.67,0.0,2.3,0.083,18.0,27.0,0.99768,3.44,0.54,9.4,5,qualidade media/baixa
1552,6.3,0.68,0.01,3.7,0.103,32.0,54.0,0.99586,3.51,0.66,11.3,6,qualidade media/baixa
1553,7.3,0.735,0.0,2.2,0.08,18.0,28.0,0.99765,3.41,0.6,9.4,5,qualidade media/baixa
1555,7.0,0.56,0.17,1.7,0.065,15.0,24.0,0.99514,3.44,0.68,10.55,7,qualidade alta
1556,6.6,0.88,0.04,2.2,0.066,12.0,20.0,0.99636,3.53,0.56,9.9,5,qualidade media/baixa
1557,6.6,0.855,0.02,2.4,0.062,15.0,23.0,0.99627,3.54,0.6,11.0,6,qualidade media/baixa
1558,6.9,0.63,0.33,6.7,0.235,66.0,115.0,0.99787,3.22,0.56,9.5,5,qualidade media/baixa
1559,7.8,0.6,0.26,2.0,0.08,31.0,131.0,0.99622,3.21,0.52,9.9,5,qualidade media/baixa
1560,7.8,0.6,0.26,2.0,0.08,31.0,131.0,0.99622,3.21,0.52,9.9,5,qualidade media/baixa
1561,7.8,0.6,0.26,2.0,0.08,31.0,131.0,0.99622,3.21,0.52,9.9,5,qualidade media/baixa
1562,7.2,0.695,0.13,2.0,0.076,12.0,20.0,0.99546,3.29,0.54,10.1,5,qualidade media/baixa
1563,7.2,0.695,0.13,2.0,0.076,12.0,20.0,0.99546,3.29,0.54,10.1,5,qualidade media/baixa
1565,6.7,0.67,0.02,1.9,0.061,26.0,42.0,0.99489,3.39,0.82,10.9,6,qualidade media/baixa
1566,6.7,0.16,0.64,2.1,0.059,24.0,52.0,0.99494,3.34,0.71,11.2,6,qualidade media/baixa
1567,7.2,0.695,0.13,2.0,0.076,12.0,20.0,0.99546,3.29,0.54,10.1,5,qualidade media/baixa
1568,7.0,0.56,0.13,1.6,0.077,25.0,42.0,0.99629,3.34,0.59,9.2,5,qualidade media/baixa
1569,6.2,0.51,0.14,1.9,0.0559999999999999,15.0,34.0,0.99396,3.48,0.57,11.5,6,qualidade media/baixa
1570,6.4,0.36,0.53,2.2,0.23,19.0,35.0,0.9934,3.37,0.93,12.4,6,qualidade media/baixa
1571,6.4,0.38,0.14,2.2,0.038,15.0,25.0,0.99514,3.44,0.65,11.1,6,qualidade media/baixa
1572,7.3,0.69,0.32,2.2,0.069,35.0,104.0,0.99632,3.33,0.51,9.5,5,qualidade media/baixa
1573,6.0,0.58,0.2,2.4,0.075,15.0,50.0,0.99467,3.58,0.67,12.5,6,qualidade media/baixa
1575,7.5,0.52,0.4,2.2,0.06,12.0,20.0,0.99474,3.26,0.64,11.8,6,qualidade media/baixa
1576,8.0,0.3,0.63,1.6,0.081,16.0,29.0,0.99588,3.3,0.78,10.8,6,qualidade media/baixa
1577,6.2,0.7,0.15,5.1,0.076,13.0,27.0,0.99622,3.54,0.6,11.9,6,qualidade media/baixa
1578,6.8,0.67,0.15,1.8,0.118,13.0,20.0,0.9954,3.42,0.67,11.3,6,qualidade media/baixa
1580,7.4,0.35,0.33,2.4,0.068,9.0,26.0,0.9947,3.36,0.6,11.9,6,qualidade media/baixa
1582,6.1,0.715,0.1,2.6,0.053,13.0,27.0,0.99362,3.57,0.5,11.9,5,qualidade media/baixa
1583,6.2,0.46,0.29,2.1,0.074,32.0,98.0,0.99578,3.33,0.62,9.8,5,qualidade media/baixa
1584,6.7,0.32,0.44,2.4,0.061,24.0,34.0,0.99484,3.29,0.8,11.6,7,qualidade alta
1586,7.5,0.31,0.41,2.4,0.065,34.0,60.0,0.99492,3.34,0.85,11.4,6,qualidade media/baixa
1587,5.8,0.61,0.11,1.8,0.066,18.0,28.0,0.99483,3.55,0.66,10.9,6,qualidade media/baixa
1590,6.3,0.55,0.15,1.8,0.077,26.0,35.0,0.99314,3.32,0.82,11.6,6,qualidade media/baixa
1591,5.4,0.74,0.09,1.7,0.089,16.0,26.0,0.99402,3.67,0.56,11.6,6,qualidade media/baixa
1592,6.3,0.51,0.13,2.3,0.076,29.0,40.0,0.99574,3.42,0.75,11.0,6,qualidade media/baixa
1593,6.8,0.62,0.08,1.9,0.068,28.0,38.0,0.99651,3.42,0.82,9.5,6,qualidade media/baixa
1594,6.2,0.6,0.08,2.0,0.09,32.0,44.0,0.9949,3.45,0.58,10.5,5,qualidade media/baixa
1595,5.9,0.55,0.1,2.2,0.062,39.0,51.0,0.99512,3.52,0.76,11.2,6,qualidade media/baixa
1597,5.9,0.645,0.12,2.0,0.075,32.0,44.0,0.99547,3.57,0.71,10.2,5,qualidade media/baixa
